0.000000
-0.631296
-0.214840
-1.255865
0.065085
-0.123158
-1.850719
1.798055
2.299338
-1.075433
-5.225301
-2.846718
-1.647878
-2.462641
-0.094861
0.254021
0.234946
-4.373561
-3.501028
4.097867
5.010656
-3.561516
-6.846623
-0.673959
5.304551
8.021690
0.667478
0.455414
3.529474
-14.224725
-16.816679
-5.622797
7.521385
4.169352
8.972491
3.677350
10.986229
-6.086090
0.238001
3.680092
-9.795707
-2.945949
-16.683292
-9.536841
-4.010797
-16.003628
22.571080
-0.951455
12.422958
-4.735617
-7.959100
-15.013310
-23.873843
-15.650011
3.457791
-25.390257
-48.629613
-32.135481
4.570112
-12.344730
1.245656
-15.755107
-51.758162
-20.821264
36.849268
26.108239
-17.506419
16.495137
-1.757906
18.571365
-39.008375
22.014492
40.242012
-5.500341
-4.384026
7.924549
-42.279433
-34.794220
0.774207
51.399372
14.610939
-25.267510
35.548880
-0.371045
47.297938
8.174613
-13.633609
24.580583
-3.509141
36.928128
-64.746914
-20.942741
-61.681954
-4.202126
-87.026315
-6.203723
16.576779
-86.750826
-88.776621
-62.564722
-2.378673
-21.799127
42.472223
5.327205
32.954542
43.041431
18.642635
13.916733
24.252598
32.174490
-23.544113
-60.266885
1.811382
2.535050
42.190505
42.297031
47.844830
-56.950858
8.575599
1.578847
-2.467832
29.386495
54.555967
-22.132413
12.683268
-17.170445
31.460673
43.131956
-85.546588
33.628407
22.945999
11.714957
-37.428861
-49.267353
-59.534491
-25.951106
-6.195608
-28.885050
61.929952
49.237992
10.722746
-20.528535
85.987462
-17.765050
-61.870182
-31.412895
16.119238
-4.016739
37.833942
10.158110
-43.034005
10.033942
5.305835
-23.960290
21.080527
-54.070304
-20.886894
-39.525871
-25.130828
-28.105763
-9.731167
-108.339739
100.360214
-47.239345
85.948827
7.997351
-132.365852
-22.699405
-96.133529
-8.249380
8.634555
16.862272
-49.900827
59.273722
-40.476596
11.456720
9.380901
-64.532768
-107.663035
-89.614483
33.433042
77.398244
-71.720569
-48.056058
-75.959233
51.620555
60.113361
181.123519
19.354328
-43.022485
82.022275
-135.932234
-22.182560
-12.657452
-19.177549
-36.070904
33.051877
56.566538
93.692746
-133.814860
141.847022
63.190058
-103.809208
111.076516
-12.214930
-7.210341
41.045624
-136.381599
-27.536253
-20.769978
-102.833299
73.942577
-3.607003
64.812294
-59.052310
175.873598
-2.349981
-15.884269
37.773793
115.949985
-64.610825
-22.559025
10.319297
-11.495978
-114.904620
0.264218
-16.887667
74.549640
33.115235
-15.390690
-144.469496
-124.226812
-100.326647
37.847827
-155.918716
-105.370984
117.500347
-7.253744
-10.553717
-97.476365
-47.695022
6.529394
109.153315
-30.111875
-78.094908
-82.332816
13.406162
-92.508803
-76.780626
10.775234
71.841971
-117.732564
-92.431539
155.405368
-96.597735
-32.086612
28.868786
-35.271151
-33.916206
31.644409
66.672800
110.672416
-109.076733
-141.480485
-72.071735
-154.116588
7.001601
73.717469
-76.361410
-171.626594
-16.038213
-22.713022
-78.262685
-3.834831
135.698541
-72.486384
-144.040245
-19.889393
102.337907
23.144360
-103.931577
80.006871
78.800976
-17.790064
80.334864
-123.106474
83.755654
-0.126047
-150.818366
68.757106
44.217560
-25.865828
4.930379
-62.807820
29.380864
-169.936815
53.415620
268.591854
102.817791
-73.871376
144.661793
67.314511
193.232116
-9.441837
105.696720
-94.505408
-163.615007
128.117720
-179.142499
-169.636983
199.909332
-85.093890
-5.514370
-170.733412
104.782385
101.997209
-110.329294
-127.227183
-139.925496
-108.869298
-116.106131
279.328572
-62.933368
124.642157
41.554140
-23.966076
-20.893112
-7.504852
-168.541702
0.972251
163.130944
-32.622541
58.613942
108.136942
73.612855
43.646688
-124.560321
158.250293
58.723131
-76.731818
-12.735917
65.768727
-41.392228
200.367174
-112.196617
-66.262803
-134.034077
21.834318
-55.029276
-15.905718
19.093452
-23.886205
58.855196
26.956418
-9.508115
-4.051071
146.710976
-210.791542
144.630166
-65.386040
-2.631890
274.851310
149.178121
3.111023
118.055294
145.985412
88.030365
-155.405929
-22.600462
-69.704531
-136.081189
-65.068751
98.001432
-78.590312
22.806372
26.084331
-25.036587
-24.921608
140.654899
-184.549558
137.257692
205.736037
75.733332
212.461929
3.198193
22.173070
139.438816
-47.509568
-61.911536
17.676931
42.040571
-57.793039
82.461831
6.847146
192.814086
321.166145
197.588877
-163.831561
-95.014398
42.830707
-143.865850
71.316945
-159.297620
-95.253106
238.419996
175.099210
120.365977
26.055284
-167.800124
-160.718742
-7.319066
-23.606836
40.815625
-80.079302
-42.814393
93.884240
24.842803
34.002426
38.189210
102.585260
-232.878800
65.983977
-16.652159
-24.929616
25.177835
-157.799566
10.231491
-36.348507
-146.721699
69.983925
-183.729675
23.030805
56.929599
50.033811
150.841745
-50.398005
-177.858716
75.393652
-293.333143
-0.388428
-170.970182
99.567915
102.823530
-89.333560
-4.564156
-101.689239
-62.921846
-65.049523
165.106702
151.496167
136.269730
-120.561574
69.870640
-77.726117
98.787791
-123.817886
123.411199
20.013481
-72.541083
-206.832640
-259.337448
8.010045
-48.089176
71.372222
-129.898386
-105.581374
-114.174343
31.019697
49.268949
-86.086422
-39.616896
-63.678549
-234.404568
83.744168
10.416002
102.963164
-371.898990
174.169139
-242.016343
137.549420
-164.714378
24.841613
-53.281317
-77.895892
124.230980
138.249524
280.581854
-112.475484
72.528152
-23.669927
175.722902
-52.748711
-291.218449
340.711162
-206.346529
-138.778274
-127.429773
115.347525
453.716448
-132.952902
76.212440
18.703689
163.244463
-45.087639
-13.425688
10.493723
46.330850
258.261583
-128.720228
-0.688225
103.756556
16.808587
125.396790
282.902507
-264.348113
-119.955063
-10.580017
148.117404
305.397693
53.947195
292.432290
41.049690
-382.709031
183.475992
115.652316
-200.585739
-10.099293
20.933675
66.038692
-1.246308
382.459166
288.825320
-1.605967
-65.864257
375.841731
477.255636
375.918984
-38.784761
-258.390068
-167.884727
-277.481173
-148.850463
25.224659
131.015708
2.201252
-176.120852
-101.666856
35.016302
-122.133157
8.682465
147.058830
220.967439
-33.187848
-125.930503
-75.904312
196.017887
326.236165
-38.453569
-170.062439
-40.974152
56.311411
-92.518266
223.661774
447.319160
-13.816169
-43.020169
361.989320
179.168508
-245.547917
209.978230
-60.355443
-26.408428
-214.686784
-6.709485
0.616648
41.005219
-30.403778
331.475535
-39.365484
64.058111
-353.949021
-162.125578
-128.915658
-67.740050
338.870220
-307.665145
367.517197
-168.177512
52.239058
-57.171712
251.228030
-314.216089
116.037169
85.850568
-30.255413
189.993899
-3.850103
-31.417901
38.621973
-191.937900
-240.830913
41.346120
250.471675
24.056316
-113.439059
-23.212834
143.454881
-140.484612
37.629897
214.280484
216.065058
-38.148040
229.615447
162.446231
4.754791
-256.192966
-30.482123
-160.296276
-87.072492
-153.762338
137.736536
-195.106621
21.271710
-11.090683
-19.145550
139.179929
49.047819
15.533909
78.899039
-145.586527
33.872496
-110.443003
183.480334
104.896774
173.751179
-615.108675
156.717124
-426.335970
45.523447
-113.751781
-111.288436
125.075398
250.169629
395.145592
-55.704772
268.119939
372.692549
498.561402
-47.193574
-286.821048
-443.248556
-184.768466
-75.284923
90.273596
-162.487477
169.138482
403.716690
-233.289800
-298.120504
360.342116
-276.385194
-300.145764
-22.736372
-18.475180
-543.188774
-307.161993
-91.509896
-97.721396
-541.094064
-34.843352
17.890174
78.866016
214.066475
-165.019863
-448.268683
-194.541086
95.030356
-52.654179
111.446102
152.799645
205.338119
459.617903
-539.661633
1.995385
-67.278682
25.199138
120.822941
553.392631
-239.515776
156.923283
203.061373
-481.903351
13.860910
140.594197
-81.868674
263.313678
175.873371
-92.607478
127.038166
-298.013436
-246.641303
-41.907284
354.956737
64.456209
111.483079
-93.928570
-2.313609
-25.332990
152.941146
-140.319360
-124.962528
-194.907143
58.525965
-104.363898
-14.121143
367.332699
-39.462619
-210.623432
-413.463358
254.830295
186.621938
38.903270
-107.145758
-321.924600
-147.598366
402.542074
168.547611
-18.131933
-302.215717
-250.731889
278.249329
-457.608530
567.411160
173.740924
24.089899
-196.994471
-356.176607
349.312436
45.795030
13.840403
-414.521544
-101.496193
90.740930
18.443581
302.734905
-178.802520
2.359116
-297.611990
5.735439
-375.290033
12.035047
-72.607181
-3.190553
24.276896
-121.019790
-93.735336
226.357143
188.337909
-153.008388
-197.162791
568.190909
135.804844
82.439994
78.912905
-85.895879
-315.170046
119.391645
290.052364
243.673195
294.065880
-161.973111
-326.234358
-57.065963
21.332812
-159.290926
-222.834707
117.219248
-20.185619
65.984262
64.968923
51.897442
-158.993078
-367.809429
180.245338
-592.566927
285.025914
21.591436
-103.936322
-66.648640
24.277898
-301.376441
-332.540062
288.106355
-3.665456
73.608338
-256.780171
-12.790836
83.129095
-167.293172
-253.000922
-345.092481
0.534037
-102.332264
96.201517
30.282156
-197.215226
-549.366872
231.385402
-101.486448
-257.349057
-103.396448
-399.592977
389.887226
-416.065541
99.999807
-133.725116
275.819062
-405.957625
25.151037
40.664714
-342.089866
-738.150051
-368.713348
-127.004657
-170.543305
435.556301
-214.832572
243.457137
130.725206
-70.684150
222.251108
-374.561858
55.053609
-463.884855
-188.397273
44.101714
-357.517395
-774.129967
-441.320063
224.835396
530.090487
691.875705
-323.395077
27.671439
-45.075026
8.260238
-258.885881
-180.663744
-57.395822
347.763224
38.136102
-44.827643
388.755621
-5.806837
-109.202539
91.545013
334.015266
-190.489105
-235.375581
21.947697
-162.767675
637.458176
-89.710051
395.795776
-235.904131
-397.824785
-62.293389
-224.017465
251.583727
43.639290
-409.419911
-0.775743
-109.602310
-198.022730
-114.048834
-567.687468
64.518529
516.222567
-701.111296
173.278418
288.401888
65.652316
270.541173
366.598450
210.715815
150.153904
-190.890367
-77.788429
-24.271719
-92.489413
503.009913
-172.071882
372.786488
-370.969937
112.188999
-147.698601
133.287295
-0.304326
-583.066077
-30.742681
33.451478
359.121037
-79.333207
124.016105
118.657672
390.013232
376.670557
-186.177841
642.246960
367.426784
632.844505
-223.358741
-421.778150
-290.439537
128.455621
-251.743402
-179.574187
852.249103
220.985262
-654.465105
72.569028
179.761985
58.894758
189.348027
-0.553897
436.735114
399.646652
880.489756
501.659752
-26.681419
-39.553952
-134.184212
537.139540
-114.728934
-3.151052
229.022790
-415.761870
301.454463
-630.800732
16.609377
112.234774
48.019148
-438.278672
-131.655806
490.134384
393.624595
237.811267
-243.151223
38.564768
144.655075
-443.764798
227.540358
-158.003591
321.079796
429.041413
148.643802
56.419846
16.922924
37.879765
-395.282060
-255.672456
-218.031182
313.585077
-101.844239
-16.996572
89.573252
-99.073483
275.679821
425.299207
-106.061875
-356.234908
-141.117978
484.019772
-123.214886
-88.347672
61.160199
573.811047
644.344878
228.558925
-282.910325
238.927987
145.430840
-39.734472
-354.703169
-75.775732
122.139049
230.903997
116.043398
-201.329130
331.109258
-567.158026
-420.857714
-362.174637
-35.154054
-256.262235
-21.771945
81.515651
-266.956120
-275.431464
128.791034
121.330320
642.089345
-203.416271
464.150533
-714.191539
-129.906234
248.437800
-223.481144
17.079552
165.848172
-381.958391
-14.306791
142.046036
-340.158204
-163.684905
189.017478
-80.033225
500.652585
-347.829300
-651.595928
33.206503
278.611513
-591.890586
172.060441
286.558861
21.337383
95.488450
173.074197
35.926323
-109.865071
-56.021407
560.211314
-348.498010
172.402215
125.827367
554.917053
-226.713753
-18.615627
-391.799791
313.001304
-585.851505
564.195391
-164.161418
-912.838012
234.678466
-252.964768
98.737211
180.243476
13.398863
311.627198
-57.606994
44.408978
10.544280
89.934727
43.275286
290.601492
22.083545
-48.133348
-348.631965
-490.856889
-12.951225
-338.402581
-564.887902
807.245652
-116.390018
190.349557
869.565227
-56.449526
-507.920661
178.918646
-422.082448
-167.873407
-378.739607
-139.983402
-298.952563
-215.742415
-6.253197
700.481792
226.879801
126.695607
-73.694152
153.802376
-319.006720
-142.625170
276.366463
352.218109
-1143.371806
127.801102
241.152857
-145.079487
-290.196985
82.531234
-952.683187
45.117305
-391.407882
-756.038284
-161.423070
-516.440927
241.602330
-147.258112
523.896200
-232.300102
-192.918239
-110.950613
-290.475676
306.368700
630.702077
-95.251087
-71.679234
173.207685
18.528461
139.260965
-556.389338
25.709114
111.147711
162.710573
-604.838067
417.301434
232.438824
-209.620896
-772.347655
-415.549689
-446.682470
139.661779
-169.606844
-277.869339
1155.333976
45.164210
-0.117223
380.509447
-567.075515
549.931258
-336.925580
37.138661
549.796512
576.888700
14.063882
-273.865728
-644.443270
93.432687
-212.367203
-1051.633002
234.482557
-84.768304
1.372534
-182.376830
652.791255
-66.512239
90.391628
-294.252236
52.962085
53.796749
-369.283802
265.744067
648.723991
-24.428999
-634.304711
-675.957101
358.407812
927.580321
271.801061
150.375663
446.352597
-436.753962
360.653306
438.644020
-28.436706
223.187514
-102.277061
-32.474553
357.374806
483.519170
-430.329558
-75.764685
401.177885
228.234179
366.728534
66.652469
-15.036804
516.983706
224.235515
-393.858792
-494.823639
471.302129
-122.402718
-732.014213
149.591400
-350.862568
-351.934385
30.828693
694.039938
2.127871
587.684914
-565.802505
-1042.789376
575.762369
440.332754
118.260879
-303.881932
-880.081040
127.020875
