0.000000 
0.639355 
0.878874 
0.113572 
3.639391 
-0.501028 
-2.001716 
0.075081 
-3.362494 
-0.352347 
-1.428593 
-1.450818 
0.563495 
9.577781 
-7.338847 
-9.048809 
4.609681 
-7.375925 
-6.411332 
15.132851 
-2.496250 
5.242905 
0.669954 
-16.180286 
-4.148475 
-0.648468 
-12.659511 
0.212859 
13.663327 
29.625806 
7.128076 
10.944259 
1.433462 
-10.797288 
-7.958722 
0.169329 
-16.573168 
1.353499 
3.402937 
-16.435449 
13.744443 
-7.805574 
2.135858 
33.527940 
11.878001 
4.298070 
6.230475 
18.611363 
22.414192 
33.973432 
9.452577 
-13.325304 
-27.905702 
-0.426536 
5.356036 
2.965078 
-19.536975 
-20.976769 
-11.076145 
4.827955 
3.473760 
5.906663 
-8.513057 
14.121340 
-4.307734 
-11.055567 
4.320918 
0.034119 
2.685042 
37.267435 
-0.623401 
45.359720 
-28.826714 
15.203609 
-18.996050 
-15.022793 
-29.202688 
-22.200126 
10.663433 
-8.807962 
-25.421627 
18.189548 
-24.871603 
14.514839 
5.566187 
32.392038 
-1.101928 
15.782757 
-6.828431 
-41.591138 
-39.110049 
-6.694016 
22.210693 
-81.774277 
32.402288 
-51.715512 
20.968454 
-3.525053 
1.569108 
-18.793432 
8.879587 
5.427592 
60.979380 
-5.003271 
10.035900 
-43.990154 
21.003711 
-7.183765 
88.576807 
85.891802 
-23.673733 
75.848216 
1.012942 
-0.649681 
40.179766 
-87.706237 
-6.752085 
70.723069 
14.358562 
2.618300 
-35.491898 
66.890408 
25.699646 
8.052377 
-16.949046 
-2.855152 
15.481049 
-7.373232 
1.308884 
-85.689281 
13.229125 
-27.291614 
38.847754 
4.106735 
-57.189888 
-29.531899 
-23.568918 
45.604130 
69.273426 
-33.572546 
28.893347 
-39.149912 
17.013908 
35.567354 
105.075933 
-28.809849 
60.007757 
-139.892902 
-57.777184 
15.099388 
-73.130764 
40.268098 
-13.738152 
-16.177781 
50.424407 
68.184625 
46.771249 
-16.364089 
27.222953 
-11.503252 
32.810884 
-33.712359 
0.254156 
166.096135 
-86.967957 
-61.426253 
-20.917648 
-11.703104 
-77.202077 
50.901580 
1.967513 
106.379911 
-59.718382 
57.598761 
27.057055 
15.052874 
21.478652 
1.609698 
-82.848849 
-60.811233 
-78.344800 
-31.924844 
-94.709895 
2.874127 
9.420007 
-107.044306 
-22.862658 
-15.755957 
-117.990972 
1.850884 
-71.653829 
-16.730667 
51.886336 
-31.733792 
-81.862389 
17.822970 
36.900287 
173.419232 
70.227467 
14.140488 
33.416038 
78.885460 
64.228914 
35.414488 
12.943800 
-44.679669 
-90.927453 
-72.373012 
30.259389 
2.432431 
16.181756 
56.760572 
10.494055 
-0.088711 
-96.253432 
-126.100484 
-50.899574 
52.215350 
-66.316742 
14.782786 
3.271998 
-7.770982 
8.138906 
-163.219759 
-47.162999 
-11.259127 
26.375886 
37.577068 
31.487012 
29.368791 
25.223534 
-110.428451 
115.791036 
-91.663873 
-52.559801 
-80.692026 
-23.349486 
-4.615379 
-56.629470 
1.132522 
-28.950543 
-10.619426 
166.786400 
-1.156688 
90.209947 
41.656224 
41.103246 
-15.020978 
-88.531156 
-53.112808 
-9.982539 
-252.224028 
-78.622313 
-98.635648 
23.951979 
-55.691238 
167.126293 
118.257190 
-34.856074 
274.428043 
122.970872 
1.418364 
19.178554 
6.790740 
37.381634 
59.564312 
-17.114890 
41.992688 
96.915410 
18.081614 
187.567824 
-38.782083 
-18.455491 
105.403436 
-58.421317 
5.111012 
-105.646110 
-61.742564 
53.017456 
-12.614501 
-25.833389 
-89.854003 
47.529285 
-99.996305 
-201.287642 
-67.560599 
-9.198559 
-82.386543 
-26.909426 
37.594021 
-66.248611 
202.294974 
26.297109 
193.058243 
178.638932 
46.292841 
8.974287 
-65.109662 
-202.978724 
-156.925518 
115.978316 
185.018244 
196.738707 
-124.742004 
-7.387695 
-21.221408 
-47.915018 
115.492031 
-36.185350 
-13.765985 
55.707088 
54.096698 
-43.973363 
-32.428226 
62.684856 
-198.244473 
-106.203810 
-37.443414 
-18.951642 
-9.149992 
-161.399662 
-48.245895 
163.865393 
-23.994613 
15.442275 
-41.469130 
-76.334137 
-79.518553 
114.196812 
-11.343422 
22.400175 
-96.470719 
14.567762 
-31.568670 
119.978190 
35.807485 
-126.748315 
59.902266 
73.926487 
-57.871661 
48.348809 
12.231045 
-63.790765 
-166.310688 
-7.408649 
85.478913 
90.697423 
216.591966 
65.695246 
76.826943 
-85.470808 
212.982739 
20.439112 
42.272763 
-61.665888 
-227.606818 
23.740900 
39.283453 
21.377054 
111.746068 
-341.986158 
-157.056617 
35.331216 
214.639832 
61.139040 
25.384505 
-14.909494 
33.691148 
117.358629 
218.632864 
31.913745 
173.381636 
-82.872644 
12.560147 
80.853626 
-52.938413 
82.910813 
-14.489025 
93.266470 
109.419736 
-32.368996 
83.231180 
-107.042777 
184.909085 
207.567124 
179.432843 
-1.862501 
-230.796768 
158.531390 
-133.844059 
-46.014295 
-213.026260 
-275.898699 
-76.696152 
-99.636753 
-254.788830 
0.306114 
-26.331695 
-160.994237 
-253.187806 
-8.227082 
174.780114 
-159.229032 
-55.527813 
96.627439 
-214.068028 
29.391457 
27.076622 
-21.502978 
27.251942 
127.358826 
277.657461 
75.182228 
13.215222 
63.195311 
52.394893 
27.538001 
161.526278 
33.607716 
-26.460056 
-127.031205 
44.816899 
80.763355 
-165.002747 
142.992034 
-3.726605 
103.729440 
-65.594704 
-19.086197 
36.945569 
185.382227 
-61.406338 
-49.203918 
9.026700 
-17.264620 
24.972712 
-16.133211 
-12.908796 
-128.187541 
130.509712 
40.030967 
140.704630 
-1.950433 
-97.332074 
84.862282 
-48.232398 
-49.734302 
-86.293472 
-35.243406 
6.458409 
-7.944689 
185.753894 
41.396533 
198.498568 
-155.130351 
-25.301147 
100.204507 
-24.376840 
180.766192 
-273.411516 
123.471888 
52.976198 
-66.865312 
-136.454494 
-505.177939 
-220.659863 
-79.864150 
-151.000264 
17.917640 
-126.399752 
-51.900101 
-119.785173 
-14.523939 
-160.303446 
-172.473959 
-15.268089 
-141.648813 
-455.326087 
-68.436843 
42.357473 
-31.056043 
253.054325 
-116.787893 
-131.928048 
-37.507721 
103.165807 
122.482428 
-128.796106 
199.819828 
-266.631994 
120.690103 
-42.995154 
-347.135377 
-177.504010 
-32.261245 
97.679892 
-26.128913 
274.995412 
-180.949763 
58.972492 
-116.875915 
-5.689409 
-16.343788 
32.127218 
-56.448726 
193.649882 
72.829728 
-60.292243 
-59.276427 
-280.850439 
155.744004 
242.207596 
-287.867044 
-97.285236 
-132.779783 
-324.920805 
-17.582409 
-182.710396 
-89.773516 
-10.011794 
160.462999 
-59.302447 
6.700805 
-108.948987 
-90.410580 
120.799570 
-47.074353 
386.844990 
45.830297 
-16.074869 
-315.350421 
-100.700295 
57.402470 
-112.152276 
68.265466 
-244.900017 
-194.612051 
229.549765 
315.955188 
-202.886104 
-291.582314 
318.008194 
-36.616218 
188.799396 
-66.278536 
184.793708 
-200.715468 
-132.846565 
-113.421567 
135.110233 
-23.229858 
-53.584139 
-99.562131 
-247.164184 
-167.685597 
-4.954339 
-135.283937 
-221.721278 
429.977474 
86.493429 
-225.682286 
199.795905 
205.652922 
156.877723 
176.027466 
-264.431403 
146.127932 
-82.055973 
-209.427333 
205.787289 
388.636575 
-61.210922 
71.574841 
31.348422 
-84.334266 
-60.519825 
-282.906723 
212.579105 
109.570171 
-351.417730 
395.310814 
-107.624168 
-51.716495 
345.049109 
-114.585648 
58.928207 
146.694963 
25.004762 
202.354039 
2.301805 
132.575009 
-460.451408 
47.870402 
101.469032 
-276.104423 
107.724665 
-153.348813 
-247.586813 
-21.106329 
-281.469681 
-28.105194 
-11.078080 
-227.939115 
301.278030 
119.817498 
-139.263020 
138.239935 
-84.562091 
-149.483736 
-224.615366 
32.320821 
43.204492 
-74.676778 
-405.898359 
28.130397 
81.576012 
133.559068 
22.952848 
-150.516856 
176.814946 
227.947437 
-213.511437 
-137.538681 
83.655226 
-311.551321 
-456.009990 
83.259820 
-5.825295 
385.883609 
-5.079787 
-396.208016 
91.371355 
-146.813324 
247.019200 
72.016999 
-253.013971 
11.169895 
204.820283 
-314.438706 
-112.633389 
182.587709 
-257.196080 
22.558666 
85.894749 
573.799850 
174.799671 
-53.698911 
-174.534788 
-425.990475 
-108.713884 
99.890083 
-59.675873 
-111.696172 
-125.601760 
-431.319471 
693.609236 
-20.334025 
231.034284 
-55.783148 
-406.570357 
-306.013376 
-146.758038 
-21.252924 
312.892106 
-24.771985 
47.614698 
-295.996712 
-24.465366 
-349.917018 
19.234293 
158.123671 
86.173765 
-86.313524 
-22.039633 
187.323111 
-221.509699 
115.082348 
320.610406 
53.510373 
333.792889 
-174.777028 
-259.243389 
-85.625854 
-568.840357 
-23.348931 
-230.379249 
159.782007 
309.386055 
70.153292 
89.825038 
80.809268 
97.953567 
-400.321830 
-66.198080 
-360.682767 
96.290420 
379.878658 
-2.456551 
-85.718333 
-10.560802 
2.438771 
-122.403139 
15.593970 
45.234296 
-27.158564 
-177.048407 
135.984226 
66.487698 
-10.757199 
-5.191175 
104.526652 
74.155074 
38.308383 
-117.565032 
20.546977 
479.143724 
106.832706 
-187.259757 
-92.273275 
-150.129042 
40.382778 
-100.735895 
126.483820 
91.325008 
-176.313131 
-122.288105 
-298.183381 
169.474801 
-127.847427 
-220.300950 
-67.761454 
83.015908 
363.462046 
440.779464 
301.192181 
-59.185662 
652.936068 
-37.837581 
-105.655457 
-62.090048 
339.250100 
55.660268 
-424.366858 
-338.895144 
22.144231 
-241.973897 
-41.137948 
-219.677955 
10.840644 
-410.267821 
62.924007 
-11.549019 
65.908530 
-86.191577 
73.058706 
205.271445 
-156.220108 
-285.711150 
-256.791415 
-27.404475 
-240.625224 
150.616788 
-620.093612 
181.663260 
-465.220696 
-88.482802 
-95.903259 
-184.438044 
482.572802 
-71.726509 
83.967252 
-192.631440 
-559.347056 
-28.277927 
-158.611470 
92.946818 
458.107325 
-193.253790 
161.289083 
-420.518832 
11.921046 
16.835107 
-307.646286 
-335.750677 
-299.075331 
94.547277 
-261.999330 
-34.886858 
-219.640799 
91.102099 
133.007314 
-284.637010 
-576.705696 
113.334911 
-53.079395 
360.380548 
-476.228825 
713.714306 
-367.531238 
49.886697 
-115.005893 
36.034221 
367.748068 
-314.840784 
-101.322068 
-374.962912 
42.242770 
-116.286962 
152.725064 
254.268817 
19.761340 
123.507867 
-27.257491 
91.037326 
290.426844 
461.752974 
80.474701 
314.834143 
-76.514074 
236.221334 
-299.268870 
-69.965731 
85.187676 
-190.881905 
-227.182422 
-292.050342 
50.622842 
366.365697 
324.608167 
-501.360658 
538.553894 
-213.219080 
744.461572 
369.284458 
-163.216552 
11.801618 
-80.977723 
-74.298024 
27.151527 
-58.557966 
-185.747356 
70.879556 
-72.625708 
-114.933971 
-175.644853 
130.784659 
335.926500 
-248.111061 
315.349255 
-149.918247 
617.364615 
213.882834 
59.433143 
22.308073 
434.909641 
116.722120 
-226.888007 
104.337171 
-335.442084 
639.708093 
116.500050 
674.060749 
-83.118659 
-234.297970 
594.779791 
-230.264267 
-234.664480 
-219.515984 
-247.244547 
-272.074931 
-46.096501 
218.760798 
-153.861443 
-267.481406 
591.175135 
-42.583115 
-312.560755 
-356.443523 
23.996535 
-345.935554 
-390.319163 
481.035630 
14.064975 
-283.165396 
-299.753290 
63.233322 
13.153002 
-156.896558 
280.698558 
-264.802503 
-95.502083 
-58.909171 
-326.965129 
-74.458488 
-502.014775 
249.360788 
264.371512 
-147.654174 
46.705317 
308.816946 
-39.460876 
-244.147239 
-928.205025 
-38.865871 
120.497171 
67.029684 
165.749377 
-132.976193 
-147.114479 
60.987530 
138.205764 
363.054900 
-92.951604 
-570.316960 
-346.320560 
-71.947828 
510.797858 
-335.676314 
-42.902128 
-213.480033 
364.066397 
-124.273017 
-19.428408 
516.926856 
155.884877 
23.980072 
-56.892042 
334.690356 
637.245560 
-283.804870 
133.130133 
186.352816 
139.584846 
-402.501784 
473.455001 
-70.422758 
61.370270 
225.247630 
103.838792 
-994.918628 
115.772249 
197.834187 
246.159109 
-259.907362 
-178.305458 
-491.786080 
147.578223 
510.314574 
-1.886529 
-47.537275 
626.199466 
-25.555863 
131.306540 
190.000692 
73.254522 
-50.603838 
-534.232558 
-294.226776 
95.677687 
-42.745826 
287.753331 
-810.579086 
103.346328 
7.821199 
26.310249 
-191.329212 
-215.396199 
32.970971 
-267.312706 
-329.111818 
-210.340855 
-171.702098 
-189.284839 
100.033444 
-162.839624 
129.456998 
-626.096470 
-147.245969 
25.875641 
128.982539 
-29.291764 
511.092413 
380.195252 
40.457661 
230.441504 
-267.293709 
-254.368755 
-268.237643 
-801.879214 
263.047839 
-433.893950 
-362.717615 
-207.458758 
-58.425095 
131.373812 
44.620627 
99.623131 
70.724549 
343.775611 
64.118583 
34.625283 
-639.529586 
-173.568687 
-177.874890 
-59.057275 
-292.764819 
-75.788035 
408.456339 
-547.177148 
190.495840 
130.127674 
170.122460 
455.469804 
-135.689435 
279.333065 
550.224071 
-173.116746 
148.991462 
-209.518389 
-66.135779 
-86.964854 
-677.103818 
-181.752716 
364.000127 
97.041927 
247.072189 
-0.415160 
241.790436 
108.748743 
-110.594926 
-400.583431 
259.984256 
-114.240357 
-382.428288 
-258.705469 
399.105163 
885.979012 
-3.987771 
-383.169036 
-385.375923 
846.132826 
67.988592 
-210.620106 
53.678624 
521.391106 
-629.344334 
184.990873 
225.701496 
37.084386 
-35.038284 
-102.454533 
248.865622 
-326.732386 
-355.813504 
422.305893 
415.508015 
-7.451831 
97.644760 
-236.335667 
-139.758094 
8.165387 
-151.231203 
-253.902508 
-355.838352 
166.414536 
168.260810 
334.901820 
79.045181 
-723.409203 
-230.051304 
75.641232 
358.392939 
340.325999 
692.444559 
82.358305 
-59.645942 
-34.449970 
103.672760 
329.079870 
722.604665 
305.829632 
-94.463160 
112.153100 
390.937675 
141.273598 
401.189642 
-482.570970 
307.176743 
-88.920216 
39.368682 
314.190633 
388.111978 
184.204138 
444.753735 
105.663219 
-172.999806 
146.574312 
-555.091042 
-73.657850 
-197.159854 
-868.702280 
-283.501997 
-324.467000 
504.451953 
-124.468983 
-163.478412 
-194.587021 
-5.186611 
-243.580991 
627.789915 
-553.616055 
-352.024310 
-284.110317 
-584.847117 
-536.621754 
63.117242 
-339.273897 
-393.219210 
403.723335 
-248.836991 
824.389471 
-295.659265 
59.442238 
128.734537 
-322.890522 
323.156602 
-7.083709 
448.157196 
683.451165 
-951.746875 
-52.402537 
-181.109009 
451.448566 
393.930491 
-297.457035 
226.999000 
292.210093 
-69.015318 
127.739291 
-221.303638 
53.517839 
688.112281 
67.827115 
-362.601986 
70.021376 
-170.643069 
174.053008 
340.978108 
439.305468 
-288.713155 
-137.573098 
210.336631 
419.521236 
-667.754103 
-143.094006 
658.715282 
495.564782 
155.105326 
-637.204131 
-458.612662 
496.639879 
-271.855279 
302.792504 
270.854427 
328.139204 
45.300597 
-31.989372 
15.937825 
-90.672904 
-193.130125 
28.258739 
-947.621502 
108.045046 
356.389352 
-361.116741 
-86.674947 
168.638779 
25.433044 
760.036949 
-61.083687 
-107.757271 
105.027474 
279.969853 
190.068188 
-588.465742 
-538.682136 
141.112370 
997.621767 
234.963811 
-712.010584 
516.552036 
159.134411 
133.883843 
254.524788 
-806.435628 
-315.407417 
137.105731 
-13.797259 
-147.692846 
-190.335763 
351.711613 
