-0.000000
0.166870
0.462995
1.206791
0.004925
0.668839
1.974546
0.985347
-1.838342
0.552084
5.436762
1.901450
7.279136
1.918747
-0.147738
-0.631032
0.968813
1.805170
5.513296
0.449153
-1.069496
3.469228
-0.227159
0.240155
-0.473820
1.199757
0.249401
-5.885649
-2.658840
1.061614
3.041930
-1.706771
-7.456517
0.129134
-13.681334
-4.046396
-11.284171
10.432995
-13.865564
-3.343942
7.814961
0.144791
27.683373
-6.023973
-3.153511
0.481273
-13.631271
-4.820812
-5.764075
4.165029
15.346664
2.560322
5.281768
11.335159
1.001747
31.532573
39.975669
28.196391
-4.730906
4.787644
-1.375693
15.864283
24.309951
21.705348
-28.317241
-26.403911
19.272607
2.135206
-7.481676
2.946512
38.722746
-31.235686
-20.340854
0.596225
2.845256
12.946617
38.895358
25.953291
23.899251
-33.830522
-22.022060
24.790148
-38.362614
1.144314
-1.451795
36.487484
18.383380
-5.860430
8.505154
-14.399296
29.755940
14.968092
52.839237
9.755490
18.306231
7.564865
-12.847870
72.782668
49.039220
1.942259
-1.328630
18.621135
-27.483335
5.569202
-5.041223
-57.220833
-19.418004
-9.371203
-19.523116
-13.445482
20.471736
55.394536
2.875425
-1.670789
-52.091317
-30.702423
-44.726762
30.339372
-10.677219
5.130467
-10.432878
-29.408871
-52.951075
28.073353
-14.034435
56.839684
-33.421847
-41.515358
28.650519
-2.330710
-23.605806
4.674446
4.337425
34.949714
7.082268
-12.572739
8.821179
26.474857
-61.610762
-46.291058
-22.006860
29.156565
-38.515079
-9.195170
4.003601
27.692639
-9.952869
3.224557
-48.541412
3.013094
27.378536
-7.415607
2.871762
45.576739
-28.120453
-4.701178
12.809714
39.640529
23.255506
9.610721
1.547506
4.673688
-59.383463
31.982461
-24.716596
4.642843
60.475931
81.028478
21.356921
7.271713
-0.847114
-7.008367
35.131598
11.120651
47.116761
-29.913500
-1.899593
34.637164
36.787758
28.393098
-55.282351
-81.164695
71.305514
10.321420
80.614122
-49.726468
-18.379547
-97.482418
-15.704801
-5.468030
-33.758717
41.750671
5.164731
10.210522
-17.536308
39.834116
5.949610
2.510810
2.343807
124.485848
-138.038898
-11.997558
34.164615
-36.282892
1.102276
-34.342033
-15.925232
108.130338
5.497438
-3.036599
-13.291276
-49.825937
-37.791623
22.250016
53.223544
-67.090652
3.882163
-22.605747
-45.740430
-107.214184
32.605961
20.248436
-10.353941
31.437456
34.578855
-3.445154
15.263145
-87.230772
-3.037112
-35.849467
2.728316
16.895699
-11.982640
-43.255790
85.155929
106.580927
-114.871196
15.275705
4.758326
65.495650
61.797267
6.451375
-113.776272
46.234104
79.041220
87.305312
7.518255
-0.289751
-23.997464
40.220256
-53.403012
38.383907
66.774650
-123.806683
-5.270771
-9.663354
-64.525415
-7.698629
-50.537875
-1.779870
-78.523074
-96.188829
99.548269
151.486238
-15.813636
130.028459
-18.584263
-60.955047
-3.216277
147.466737
-56.191590
18.317808
-6.722129
-3.939482
-73.917089
103.357718
90.231794
-5.165924
-112.224351
-23.272857
-11.037218
-79.955311
-31.274901
4.375956
-18.967174
123.883401
-87.314709
8.784226
2.624519
52.988927
-54.802970
13.233049
-13.291820
-2.529551
-17.924095
52.149841
36.062268
-84.193698
-77.904912
2.694097
-39.715665
-38.592440
-153.188738
0.110451
9.790204
-32.436081
160.894565
-85.058050
18.435618
78.577684
-65.975381
-110.602356
0.460434
79.197978
-94.075721
50.029880
0.153926
36.361467
81.759855
9.518979
-2.875007
-51.516664
59.381581
-116.715804
-38.802170
20.987873
56.679708
-8.500462
107.373746
47.513171
-112.229484
27.439189
-47.153879
20.299036
-1.901548
-0.471773
174.874509
-112.184872
-14.914906
124.755636
0.452779
44.349674
-42.683135
10.085139
4.340420
70.324564
0.239271
-3.463164
9.150109
-22.521746
-2.853564
22.803410
-60.780291
-30.358036
25.618001
-84.181262
47.445608
7.627117
-147.968519
-0.926221
4.008168
-59.738261
-133.622742
-10.297350
-47.005227
-149.171217
-66.400755
135.781438
-34.526415
118.721920
24.579095
20.930887
-107.076162
61.485215
-86.354473
0.832313
27.188457
19.425099
-72.675158
96.431689
-44.949318
-20.577269
-40.737705
-62.102460
0.069087
-70.260419
113.027849
-7.671431
61.839343
-17.714118
-15.548764
37.685988
-145.217767
-17.857482
-165.962832
-138.303915
-287.268038
181.868638
108.528369
-43.964434
261.885549
-8.253261
127.423193
-36.774826
-56.111518
113.568447
-48.566997
-37.150356
161.608404
166.060397
141.315834
-0.295196
-22.592771
-26.786777
-2.356409
-77.747404
-27.597233
3.489051
-31.397693
20.372871
31.488305
77.362343
-14.745847
86.444306
-5.301637
62.683792
-36.595742
27.237571
56.966864
-117.618446
0.359709
-15.282195
-1.685833
163.603425
-7.923929
107.238438
92.898123
34.919804
44.510724
-76.238631
27.580089
-14.724424
-118.513453
26.390269
120.481428
-5.700705
23.423324
3.116558
-108.286951
-112.502478
-113.636606
45.792086
-171.004178
-20.472647
64.420294
115.600796
-285.846075
-2.031226
-74.843505
41.212366
90.318710
52.781836
46.639362
-74.093594
103.937458
59.192814
91.560121
55.457744
-19.422430
13.818968
23.871140
21.841212
114.004920
90.861973
-25.901062
1.191936
72.623558
-99.116058
219.937826
-137.472158
15.264076
30.585815
33.958834
-15.551018
-0.851196
-214.680650
-156.758820
-0.132420
-111.355733
-75.415724
-114.420033
37.733951
84.597249
-193.547626
303.379525
24.515469
-111.129159
-6.152783
-251.431221
-29.917011
-158.747591
-31.314946
-73.710305
-67.941927
26.608615
168.727211
-275.405681
-111.430582
86.135011
3.127732
55.134584
12.813939
-175.508379
-61.052465
357.144085
241.054339
32.787381
-111.745311
-98.276786
-48.673882
-7.026101
-40.738955
-11.497425
-293.279596
-102.754066
263.581432
-38.394377
20.965497
-107.062978
-67.419442
-139.286855
-20.189067
-61.436619
4.597044
-2.760505
-489.851142
-147.626059
-6.241778
110.363730
-8.285491
12.504043
16.106834
-16.820414
70.949937
14.789325
92.076479
159.682131
-31.724931
7.456792
-0.888622
-56.048857
-285.103218
8.796932
-76.858669
-11.525018
108.026368
-124.029820
-192.568874
-100.792961
-61.092896
-229.156004
-4.057699
-130.951124
67.606552
16.314216
48.144209
-63.541845
-19.744221
135.551845
-109.746348
34.790051
-14.983512
136.066199
-24.256723
-2.704617
-52.574718
23.980537
-349.584040
-2.387848
-6.218535
-11.380571
39.558007
33.974094
236.160872
-173.700121
118.708040
-80.865236
56.981572
23.657356
50.008526
-125.130075
196.713605
-100.264492
-4.022557
43.682080
-320.429895
21.135494
88.545860
-70.333998
153.125806
247.141789
-113.423554
-94.461486
-53.930458
48.501232
52.440304
-132.010318
133.852117
-125.692960
-80.938353
-201.271983
51.002768
-168.049355
-145.159527
-94.416420
193.221647
-5.183078
156.479222
48.939344
152.150025
-17.470004
232.488854
22.338172
-173.372680
42.392908
-116.035522
-68.608866
-32.887496
-106.269015
-25.715946
76.140136
66.463825
-236.478088
-19.346544
-248.163804
337.534894
-11.367286
322.188760
-46.051141
-38.532496
44.846769
-15.219343
-25.833520
-197.097220
2.737739
-134.244112
-248.495977
-329.330921
-66.687543
222.847895
218.915975
-38.073294
46.971431
33.098691
-19.690763
155.714733
-353.206341
4.100604
-11.571232
-318.663044
-89.703992
220.518203
6.813623
-9.045441
-4.534448
59.617837
12.088563
36.568623
261.070458
73.990399
-54.074318
31.100160
-14.077065
223.472134
-59.786516
78.585711
-104.653583
38.001652
-49.055834
-128.822487
-104.144740
-306.626470
274.196197
-24.765176
53.304711
-32.297740
-122.545278
-67.006392
240.453856
-123.924255
-44.641241
424.665849
-112.939870
-91.875155
66.902177
-139.426760
-23.677417
71.402668
32.046520
333.678846
51.010598
94.185077
-101.304048
-107.990128
-4.379388
-10.939879
-6.550694
1.003588
-187.117946
-12.412769
-234.843171
210.530497
-55.080449
-36.214742
13.159425
-355.322819
76.176932
-81.484689
169.111543
-13.815575
144.988812
-55.137197
-2.643127
295.372302
175.700962
-318.080880
-8.071464
11.200751
203.251558
-31.756141
-205.508931
295.824594
-356.818345
-175.490734
-24.465685
194.631644
-70.942539
-351.923382
-196.163482
30.637589
516.250018
121.526838
30.190666
-0.290371
-250.216877
2.250240
-3.291193
-193.695442
14.120986
337.796111
-96.211740
142.486498
34.817542
-203.702255
-44.799330
-80.219897
42.013254
-125.489301
-40.813760
103.519556
-124.267527
-120.642964
276.134230
-87.225109
385.886450
284.612614
64.577045
-185.890190
-194.322923
39.612987
-68.378526
-83.799215
37.259180
161.187528
84.388685
-133.893201
-45.547699
-21.513956
72.013858
44.741049
-0.856329
-23.172472
262.194255
73.538888
82.423853
-113.686488
-56.416479
51.683598
236.863202
143.020085
32.644099
255.150988
-315.255270
16.272626
-93.778887
202.796651
-7.512408
-290.727838
-31.876092
-21.215650
90.987153
-27.972148
116.088396
-36.603140
13.787252
-37.088770
300.835899
-153.957348
27.003128
245.374244
31.032660
376.443474
-525.839453
1.562529
44.007757
-51.017194
-211.278577
35.971389
-50.727249
-30.901029
274.458580
243.338187
12.737253
-132.271225
-1.373682
-134.536937
169.648458
-211.023468
21.740925
-56.810316
-74.379625
292.129483
-32.091083
477.416706
191.708881
306.743314
407.812228
549.624886
164.011255
164.663306
-407.498447
-336.493391
-133.795416
-129.131256
40.374049
72.558937
85.885000
96.471513
80.970656
-166.240419
-103.516677
25.806836
-416.450623
57.260725
137.875843
122.986491
-305.052507
49.301874
12.366860
7.811794
258.541673
-366.484014
24.239083
30.034939
225.277512
113.515876
106.166594
132.927749
-241.310889
155.443700
257.947345
49.810319
-45.488374
275.717248
183.031240
208.823550
27.995874
-131.855348
307.425753
70.166308
-115.892661
20.723108
171.368079
-160.700304
0.346634
83.759495
311.212979
-3.351266
-109.905072
-260.942586
196.950458
25.683719
-137.054302
239.758013
-79.265187
169.443204
-154.955350
16.875182
140.761227
-48.593082
-51.922983
-342.673264
78.814452
-200.648406
0.976703
23.451861
-189.036318
145.276910
-436.729866
66.240348
-535.818556
266.970738
-56.734602
-35.178263
-151.629400
-1.730352
111.991421
-606.046288
44.799685
301.603044
-189.874753
56.932021
-108.671556
-102.919449
243.152074
-252.932147
-377.753320
-358.041784
66.005256
-5.905951
195.724625
119.091978
-359.038778
276.024556
-508.297763
-206.273375
-228.026684
-257.255206
203.949428
36.464739
-115.967708
-46.972389
271.398379
77.491834
-172.439945
8.841918
60.090513
211.864949
-65.433200
-142.716332
260.798369
178.898144
156.206153
-104.526974
-217.692639
-107.679939
-37.420470
44.747527
-107.282761
376.199730
-161.616163
79.095639
-456.829323
302.490435
10.715415
-115.392966
-138.962740
-256.478256
-417.274584
155.595303
285.188449
12.621777
-111.059135
70.589121
19.409899
6.074617
-489.887419
-383.628959
57.436426
236.280736
-258.660511
-106.819799
112.662482
-90.172789
50.865162
-109.122180
-179.262505
-5.171814
200.488515
-286.478560
546.516403
197.178192
356.310614
-3.911365
229.466491
-157.848142
36.230883
5.422730
192.355732
14.638680
-77.267802
-633.729824
69.550201
-488.995401
47.477736
-524.254257
-304.624506
-45.093922
-250.039922
-1.294142
517.675333
41.570314
12.704613
148.652114
-70.995406
-255.118932
63.281064
-347.838876
267.089914
144.584743
-11.324740
-342.220750
614.478464
-112.117432
-101.434918
-170.811788
58.473144
-56.592313
-128.726709
45.198631
115.233975
-546.419724
-12.814472
134.871906
-65.262673
-209.927700
252.385181
-11.120241
-15.814506
-299.943834
417.299006
22.047012
-33.566978
517.036569
-172.023201
186.964207
13.252605
28.659778
48.746138
78.653381
116.469797
-122.332805
-279.156190
-31.549699
114.480926
-227.528235
-27.946034
56.477377
44.064237
528.520096
-29.085971
-63.504644
322.179925
-551.360751
-137.763041
-24.050372
-632.954772
-29.527196
387.731399
153.197089
-26.709910
-2.618573
396.055280
-66.244682
-39.361285
414.468802
3.497479
73.441326
-567.716585
-164.590322
-34.217876
-14.283472
536.983810
27.752859
-549.658424
-407.815004
586.879305
-5.823910
53.559171
-171.173434
248.928543
168.435506
132.502178
-60.515385
-204.797000
713.392855
83.010765
174.908513
-228.448846
120.349266
-452.754423
449.719701
127.697602
74.641654
-45.138148
-817.551162
-391.830507
46.922013
-38.768420
-173.061109
-43.668841
-37.126783
-52.164405
-32.871315
-282.901150
-77.172501
2.912726
-116.643529
227.486949
-58.468559
15.238114
165.883233
97.528302
-111.972647
158.071063
-26.063595
-388.313306
1.855737
8.556780
-157.240246
292.081005
-105.070513
522.625132
15.736537
170.304985
-329.770699
10.399968
180.978634
721.290409
46.439600
134.269011
384.020080
149.949706
19.109467
22.731727
503.768449
-415.428362
64.460617
361.039432
289.689302
-61.549900
-115.602032
113.541090
-281.943921
-685.240536
-29.838579
23.237405
401.935883
-99.257014
-158.222756
-41.489675
104.602065
-404.071958
-61.183158
-336.177630
-423.714913
120.992623
-384.812070
243.437602
19.836672
21.958698
-466.465501
567.760280
119.634140
-369.300694
-24.009680
-116.818186
-166.126200
-31.598992
1.744468
-435.342330
262.710574
587.705772
-449.737255
-169.182885
80.196035
-26.886606
15.917396
637.507897
-35.202616
-483.063841
-125.812399
44.088550
125.362045
42.464078
-573.027795
18.836008
327.666317
245.340851
405.434381
11.732646
