0.000000
-0.157389
-0.399978
0.398285
-0.233045
0.611523
-0.153309
-2.724909
-0.121821
-0.173836
0.325738
1.033113
0.469228
-0.835155
-3.485861
1.466498
0.899560
-8.030083
1.090134
-0.082337
-9.719520
-2.308682
0.100745
4.241280
10.363560
0.202843
0.036886
1.666784
-0.496609
6.167253
1.303786
7.168446
-0.057452
9.977349
-10.267563
0.468798
2.956795
0.555718
7.609523
7.014788
-11.383886
0.041784
11.419800
-0.565290
-0.498908
-11.107556
-5.900916
9.106141
0.724057
-10.854964
5.419803
20.883540
-4.909819
0.106051
2.701340
11.458574
-0.760107
-8.704272
0.480295
19.619464
-9.979047
-11.747507
21.661854
-5.623819
9.429394
-16.002954
0.729173
-12.600104
25.805669
5.825548
-24.805521
-12.859336
10.236001
-7.808833
-7.855989
-0.175366
-16.317291
-17.250746
13.216935
43.974741
-0.168984
6.588656
0.019385
-6.248934
-6.568498
-34.362748
15.198184
22.319223
-62.657835
1.728703
30.147007
-3.471707
-22.865248
11.299190
44.315001
57.042859
14.111218
-22.969860
25.896294
-6.638204
20.946743
26.675261
-18.485284
-9.255688
-30.718706
36.986755
33.414262
35.052646
-2.532434
42.274233
54.513612
-0.995605
-4.974000
-0.009551
-2.713235
-2.567879
8.024883
16.417922
5.076020
-68.018352
53.055518
15.781772
11.393124
-5.797547
-33.814739
6.300214
0.259904
32.828977
30.119882
-33.709731
40.696546
34.628359
39.811080
8.304701
21.232538
30.521043
-4.297676
-29.056908
-8.252177
0.320644
-26.305183
-5.454664
-112.889726
16.744094
41.129098
-32.048432
12.692990
3.893131
-15.168190
-21.309465
-24.238979
-11.637704
49.723940
-62.232978
-94.460323
1.201072
17.525281
-48.225911
10.015341
1.673870
0.633758
-40.631549
15.020692
-0.220427
6.034083
-30.092197
0.326882
-66.676871
-40.066785
-48.580172
54.552511
-38.967237
-41.091202
46.767664
-4.740474
-58.953990
-26.423773
50.601633
5.849817
1.027842
24.503833
69.561807
-12.306682
78.880951
16.726642
84.368704
-0.609137
-101.681025
77.806020
-14.580592
-17.814527
-46.356558
46.656482
-1.117541
55.917663
-57.030699
-1.897158
95.168119
-2.368923
5.684830
-80.162408
-34.329024
-17.294744
-66.914718
4.308660
35.085374
1.010436
6.141445
-0.241172
-71.747286
-32.084426
49.414607
-58.945780
-37.490465
11.633308
-6.012000
-25.718368
17.147176
-72.142851
-11.537578
12.310833
42.825240
-44.938975
-1.992707
-31.569184
22.158494
-26.023118
-18.502421
1.552111
23.806433
-5.702904
-21.462841
-5.060820
-16.725636
147.920508
-18.321847
8.137612
25.581885
-15.165581
19.495275
-18.141006
37.674322
-43.044392
-5.736789
-36.196975
-53.248927
59.323702
16.890182
3.466709
105.428422
-32.556495
-6.269774
110.249267
-5.550801
5.308164
134.629985
-91.645410
-85.692494
23.004347
-87.579910
-49.155520
11.782663
-4.969994
-113.491304
-71.720574
-54.632845
106.817116
-50.391295
2.838039
95.066405
-89.447183
76.797833
-32.462742
-10.032683
-52.523408
28.298916
4.381650
-50.078351
-7.807608
-121.805103
-15.463113
-6.099054
6.209182
-25.865255
33.633873
-0.436090
-58.079500
108.636745
-20.939112
-4.837232
36.226406
26.612323
-79.293651
-17.644518
-106.399860
18.367127
72.108431
97.098538
-79.546674
-7.652251
-26.674699
52.445174
54.599518
29.364507
-82.644355
137.149331
30.692837
41.280986
-20.464797
-0.651253
-50.277485
1.523701
-18.937276
224.621123
77.765853
67.522521
-50.722682
-15.962841
-6.185717
12.058244
83.926644
62.917122
39.591027
-4.843957
-46.762087
2.959747
108.864751
-163.735338
0.118436
15.287907
-10.827839
-196.375384
-118.360229
2.537828
-142.541067
-48.527890
-22.455293
33.777322
76.454530
-3.850178
-7.467065
-24.548673
-70.776569
-87.256323
-7.244125
-98.793751
20.896835
17.435810
7.058199
-83.457055
-6.393668
-57.497767
54.246521
81.584809
-4.565271
2.296236
0.951977
24.917831
-25.879347
-59.290275
-159.435503
25.060367
61.763289
2.767623
-20.787909
-3.363015
-73.882685
-34.623016
22.354806
-0.850251
-45.095498
65.786208
-14.242762
10.101325
84.066719
4.805183
31.927325
-49.892596
-183.763899
131.619600
108.465953
-31.423300
-10.770593
-123.621424
-2.623188
74.628452
86.130924
-92.348100
-15.954938
100.592025
-66.480811
-129.096321
-3.367012
6.803178
-82.181501
-176.995345
-61.166274
-28.593347
-98.330271
-26.929603
138.800290
134.202955
54.889715
-12.266715
152.451152
-1.158260
177.946465
123.827908
36.888562
-207.947350
168.311950
-37.580298
128.575107
49.898436
-10.633673
-192.391728
-101.223283
24.164451
37.009213
-75.497042
-55.104791
187.664461
-286.029976
-32.367662
-3.307341
13.078587
26.172208
157.609805
94.336390
120.076876
75.179735
139.676725
5.679355
-24.657839
-117.982590
-1.618934
-21.240607
-115.167649
-72.697398
-17.643416
63.940598
151.600560
-144.926377
-178.014681
-44.064403
100.852786
-93.491623
163.132646
105.500615
114.366348
-35.322525
78.417654
-231.550796
-203.295536
67.542782
91.630269
-46.873770
-4.494614
-22.257729
-141.079913
-0.837441
37.244347
29.157753
107.819863
224.058917
107.109842
105.204092
7.972062
-76.471706
135.983167
15.480757
-70.681825
182.707455
134.086254
-50.653666
11.183626
1.489990
-20.265870
33.621212
12.852083
-144.192128
-54.818295
214.141157
102.638969
56.540940
182.438969
-86.983778
45.893770
-20.827093
83.754704
-68.366736
-85.087238
-81.538952
65.446663
36.599388
-134.728639
7.387673
-138.039106
-82.101443
86.870129
107.232994
159.862858
-65.111026
-74.432313
62.489650
25.410893
-115.292664
128.977825
175.011407
23.645265
-0.367806
-59.017689
155.507924
76.045659
-8.384766
14.658903
86.247731
168.898476
58.627442
5.065404
-20.158276
6.313617
-291.407712
-156.179691
168.884833
-7.490940
24.408771
-345.984026
165.683962
-181.930762
87.990122
-93.854790
20.320358
72.672940
172.756136
56.283015
100.758538
159.283096
-155.192069
144.814249
29.144315
117.555548
122.073532
-173.114373
0.407229
-194.553521
-28.116855
-56.680810
-98.884880
-99.653748
6.983272
53.096014
25.137141
172.561429
109.951290
-63.973841
25.420726
40.736601
-27.223585
91.510687
17.976518
192.939816
49.321217
-351.574303
105.264289
34.935516
-100.795222
-182.207341
2.412873
54.804378
-33.954975
-194.585001
-132.643705
-123.917377
-181.583180
-308.382106
13.164374
229.170082
-76.833134
5.006000
163.200506
-280.531451
-34.067493
25.748692
-12.962331
318.994165
-136.676288
-116.056230
-17.662319
-158.045896
-193.422410
-27.257340
25.654645
5.638628
185.214976
51.905336
-277.941931
-31.165006
-36.825015
-75.395930
-48.815421
17.803825
-35.360616
123.085637
2.724805
180.273850
33.226590
25.948071
205.885334
-325.839077
30.684364
91.742587
20.657608
-23.279279
-11.336602
66.088594
121.120822
-94.712675
-158.988258
-165.417737
-29.050811
-133.198533
-87.257555
12.133524
441.898029
-52.462605
16.629791
29.031855
24.300386
46.208683
33.157243
-280.545367
199.740925
-254.007032
90.557711
301.883505
-136.732653
203.884073
-19.461444
-48.392340
51.926463
-15.676801
185.250857
113.411176
266.720931
153.359939
-23.261105
-125.813807
0.269564
182.579399
-41.308577
-181.503901
11.205848
16.960566
89.081758
-91.634678
9.270128
-140.357093
-2.220994
-73.047458
59.665557
-15.072838
-39.340414
40.565382
25.768656
-290.054987
262.291252
0.010815
-6.606344
75.615324
29.428671
88.590108
98.571189
-198.251475
-9.222374
386.895302
-9.227855
-5.792527
-4.721707
-255.656080
77.200205
438.661138
-36.523947
69.188417
35.705826
-52.287817
-65.174369
-24.398542
-127.029924
-30.975185
35.829111
-84.829480
166.101805
-7.250067
23.757306
-14.213349
-209.729138
238.997853
-182.046986
204.053190
-70.563621
-115.203722
-271.666720
-15.006564
193.599020
54.480029
101.492005
-77.319963
131.045411
-224.357748
386.898746
-173.673073
-131.958400
5.247803
298.687314
203.425069
-315.473968
-216.779808
-159.719617
-75.280645
-106.294834
-122.200896
349.974821
-179.134292
9.756347
-131.559137
103.825486
-334.721355
-154.427258
-108.447500
109.670275
160.040267
-194.915872
6.109530
-43.397499
-41.353875
-1.259685
276.648733
-241.602795
78.760334
54.868215
-421.905829
-79.864333
208.149519
256.272583
125.107329
176.869492
271.078528
-205.564802
126.279459
-229.224952
240.190362
-224.329342
-172.052224
196.694998
9.928333
57.435731
-312.683660
65.212043
-90.035786
221.476443
-203.732582
-52.153805
70.782056
-217.635875
-211.349110
414.646960
-304.809968
-12.559417
-53.441147
-98.919812
-34.352434
-5.846155
47.463386
66.226888
-14.307674
26.849359
-4.597641
-218.738503
-138.917836
-17.120215
-394.147102
-4.588651
-406.960142
-76.409117
107.379373
269.621438
-96.318778
61.057286
311.284845
-1.787395
10.692027
-373.022040
176.547503
22.278046
112.505133
-42.777479
67.134745
-31.178312
168.159840
-89.352042
12.216503
17.511752
-86.655488
-233.373914
152.236306
-18.640631
25.303135
161.811110
31.747389
15.874519
463.161829
-17.129719
-338.886299
-4.342109
40.367176
-74.497542
73.614958
23.745614
441.004035
-51.409610
92.682703
94.205297
371.511256
-30.255844
12.603107
207.704525
-84.434743
-109.461992
-42.738043
-18.675630
-588.388986
105.802432
26.396212
-5.120357
-147.171035
0.751192
-11.975228
-332.283689
-67.671525
225.703566
11.713386
-10.787423
370.135560
25.511884
286.960768
-249.372974
-19.213146
-87.048615
-163.796790
174.169864
112.705920
-265.864937
-11.703594
49.626493
-82.937314
-185.953607
-121.629951
-137.008998
-78.344319
-281.263074
13.085375
-223.634411
10.193045
-359.442568
-415.637871
-207.852372
-65.101253
214.966123
22.507034
84.145958
-135.841911
-156.304945
-142.768704
-429.104090
73.136918
-210.176012
-247.909123
-238.695838
-10.434331
-91.110412
-15.915667
-2.548214
29.885749
259.224857
159.163238
305.229377
-366.064788
9.807020
23.712594
50.843856
-324.817420
-32.113317
-5.953379
23.065716
49.976068
-418.430950
-115.313300
4.498714
96.549432
438.465026
-264.127977
-431.810080
-125.545179
14.997228
-553.234017
17.575808
93.614328
-0.501993
-54.790620
10.647003
57.321813
-187.312222
256.486362
-46.078957
-25.386784
-187.009982
-79.683327
29.210466
-471.810916
469.369796
103.255783
-56.308385
197.339783
-353.256217
160.068161
-2.334998
469.430324
-121.700643
-79.995079
40.025533
94.534106
32.912418
321.896469
325.591324
-204.807015
-153.659108
182.705048
-167.153311
41.074344
-84.787501
246.235676
157.438298
-88.415467
-58.896185
367.375650
-196.722970
-54.780362
-21.644264
-388.062488
-67.262923
-66.674839
38.734166
-170.074910
87.520707
-227.141970
223.317629
177.670373
-57.273520
-263.367579
23.080665
-70.836588
-270.383020
-56.013121
-260.698052
250.543100
281.380180
-386.386627
232.986502
23.339014
-78.990049
401.769302
111.174568
-0.345427
182.621216
11.395159
101.142234
-64.087808
-135.021508
-43.751463
103.709178
38.275817
-47.618577
-354.686962
-17.695598
-110.353344
373.996558
77.605798
552.239465
157.238345
-181.131009
-88.555845
-28.315153
238.830661
-473.691834
116.563441
8.495850
255.969312
86.735033
174.070259
251.891140
315.542992
-80.256992
-307.822288
42.009720
-13.621645
21.246917
-57.377843
-64.503044
27.720092
-60.652176
694.166663
24.625940
-45.292544
250.091435
52.234307
-234.276670
398.279173
251.835623
315.412053
-28.159222
-147.461201
-293.183068
9.980600
-23.158412
