0.000085 
0.000028 
0.000057 
0.001088 
0.000557 
0.000052 
0.000000 
0.000010 
0.000022 
0.000000 
0.000025 
0.000000 
0.000019 
0.000534 
0.000035 
0.000082 
0.000000 
0.000007 
0.000012 
0.000000 
0.000000 
0.000007 
0.000053 
0.000000 
0.000012 
0.000071 
0.000216 
0.000027 
0.000007 
0.000000 
0.000008 
0.000000 
0.000011 
0.000000 
0.000013 
0.000009 
0.000008 
0.000031 
0.000013 
0.000000 
0.000024 
0.000011 
0.000000 
0.000012 
0.000000 
0.000008 
0.000050 
0.000000 
0.000000 
0.000000 
0.000006 
0.000008 
0.000006 
0.000007 
0.000000 
0.000000 
0.000012 
0.000000 
0.000008 
0.000000 
0.000000 
0.000000 
0.000009 
0.000000 
0.000000 
0.000011 
0.000000 
0.000007 
0.000000 
0.000010 
0.000009 
0.000000 
0.000000 
0.000011 
0.000000 
0.000000 
0.000000 
0.000139 
0.000007 
0.000000 
0.000000 
0.000000 
0.000016 
0.000008 
0.000012 
0.000007 
0.000000 
0.000007 
0.000000 
0.000012 
0.000000 
0.000000 
0.000011 
0.000000 
0.000000 
0.000000 
0.000000 
0.000000 
0.000000 
0.000020 
0.000000 
0.000000 
0.000009 
0.000000 
0.000009 
0.000000 
0.000000 
0.000008 
0.000000 
0.000000 
0.000000 
0.000033 
0.000000 
0.000009 
0.000000 
0.000008 
0.000000 
0.000000 
0.000023 
0.000000 
0.000006 
0.000000 
0.000000 
0.000000 
0.000000 
0.000006 
0.000000 
0.000000 
0.000000 
0.000000 
0.000008 
0.000000 
0.000000 
0.000000 
0.000000 
0.000015 
0.000000 
0.000000 
0.000000 
0.000009 
0.000009 
0.000009 
0.000011 
0.000000 
0.000006 
0.000000 
0.000012 
0.000000 
0.000000 
0.000000 
0.000010 
0.000009 
0.000008 
0.000009 
0.000007 
0.000000 
0.000000 
0.000000 
0.000000 
0.000020 
0.000000 
0.000000 
0.000000 
0.000009 
0.000006 
0.000000 
0.000000 
0.000000 
0.000012 
0.000011 
0.000011 
0.000008 
0.000006 
0.000000 
0.000000 
0.000000 
0.000000 
0.000000 
0.000000 
0.000000 
0.000010 
0.000000 
0.000000 
0.000010 
0.000007 
0.000000 
0.000008 
0.000010 
0.000009 
0.000009 
0.000000 
0.000009 
0.000000 
0.000010 
0.000011 
0.000000 
0.000000 
0.000008 
0.000011 
0.000000 
0.000006 
0.000007 
0.000000 
0.000008 
0.000020 
0.000000 
0.000000 
0.000000 
0.000009 
0.000000 
0.000000 
0.000007 
0.000000 
0.000000 
0.000000 
0.000010 
0.000006 
0.000000 
0.000000 
0.000000 
0.000000 
0.000000 
0.000000 
0.000000 
0.000056 
0.000000 
0.000000 
0.000000 
0.000000 
0.000000 
0.000000 
0.000000 
0.000000 
0.000000 
0.000007 
0.000000 
0.000000 
0.000000 
0.000000 
0.000000 
0.000007 
0.000000 
0.000000 
0.000000 
0.000000 
0.000000 
0.000000 
0.000000 
0.000000 
0.000011 
0.000006 
0.000000 
0.000000 
0.000000 
0.000000 
0.000000 
0.000000 
0.000011 
0.000006 
0.000000 
0.000007 
0.000000 
0.000000 
0.000000 
0.000000 
0.000007 
0.000000 
0.000000 
0.000000 
0.000012 
0.000000 
0.000000 
0.000012 
0.000011 
0.000000 
0.000000 
0.000000 
0.000000 
0.000000 
0.000000 
0.000000 
0.000010 
0.000000 
0.000000 
0.000006 
0.000000 
0.000461 
0.000000 
0.000000 
0.000000 
0.000000 
0.000000 
0.000000 
0.000000 
0.000000 
0.000007 
0.000000 
0.000007 
0.000010 
0.000000 
0.000011 
0.000008 
0.000010 
0.000000 
0.000000 
0.000000 
0.000000 
0.000009 
0.000000 
0.000008 
0.000000 
0.000009 
0.000009 
0.000007 
0.000007 
0.000000 
0.000000 
0.000000 
0.000007 
0.000000 
0.000011 
0.000006 
0.000006 
0.000000 
0.000000 
0.000000 
0.000025 
0.000000 
0.000343 
0.000009 
0.000000 
0.000000 
0.000000 
0.000000 
0.000000 
0.000006 
0.000000 
0.000000 
0.000000 
0.000007 
0.000012 
0.000000 
0.000000 
0.000007 
0.000000 
0.000000 
0.000000 
0.000007 
0.000000 
0.000010 
0.000000 
0.000000 
0.000007 
0.000010 
0.000012 
0.000010 
0.000007 
0.000011 
0.000000 
0.000027 
0.000011 
0.000000 
0.000008 
0.000000 
0.000000 
0.000000 
0.000010 
0.000008 
0.000000 
0.000011 
0.000000 
0.000000 
0.000000 
0.000008 
0.000007 
0.000000 
0.000000 
0.000000 
0.000008 
0.000000 
0.000007 
0.000000 
0.000007 
0.000015 
0.000009 
0.000000 
0.000000 
0.000000 
0.000011 
0.000000 
0.000007 
0.000009 
0.000007 
0.000008 
0.000000 
0.000008 
0.000000 
0.000000 
0.000000 
0.000011 
0.000011 
0.000000 
0.000008 
0.000006 
0.000000 
0.000000 
0.000000 
0.000009 
0.000000 
0.000065 
0.000000 
0.000000 
0.000000 
0.000000 
0.000000 
0.000008 
0.000000 
0.000000 
0.000000 
0.000007 
0.000012 
0.000000 
0.000008 
0.000008 
0.000000 
0.000000 
0.000000 
0.000000 
0.000000 
0.000000 
0.000008 
0.000000 
0.000008 
0.000010 
0.000008 
0.000000 
0.000010 
0.000000 
0.000184 
0.000000 
0.000008 
0.000007 
0.000000 
0.000010 
0.000000 
0.000006 
0.000000 
0.000009 
0.000000 
0.000011 
0.000006 
0.000000 
0.000010 
0.000000 
0.000000 
0.000006 
0.000000 
0.000011 
0.000007 
0.000012 
0.000012 
0.000000 
0.000000 
0.000012 
0.000000 
0.000000 
0.000006 
0.000000 
0.000000 
0.000010 
0.000006 
0.000000 
0.000009 
0.000000 
0.000007 
0.000000 
0.000009 
0.000000 
0.000011 
0.000000 
0.000000 
0.000000 
0.000000 
0.000006 
0.000011 
0.000000 
0.000007 
0.000000 
0.000024 
0.000000 
0.000000 
0.000000 
0.000000 
0.000007 
0.000000 
0.000000 
0.000007 
0.000007 
0.000011 
0.000000 
0.000010 
0.000000 
0.000000 
0.000000 
0.000091 
0.000016 
0.000012 
0.000000 
0.000000 
0.000007 
0.000011 
0.000000 
0.000000 
0.000012 
0.000000 
0.000000 
0.000000 
0.000010 
0.000007 
0.000000 
0.000000 
0.000008 
0.000000 
0.000000 
0.000008 
0.000038 
0.000018 
0.000012 
0.000077 
0.000000 
0.000000 
0.000089 
0.000000 
0.000000 
0.000006 
0.000000 
0.000000 
0.000000 
0.000000 
0.000000 
0.000010 
0.000000 
0.000012 
0.000043 
0.000000 
0.000000 
0.000000 
0.000000 
0.000011 
0.000000 
0.000007 
0.000000 
0.000000 
0.000000 
0.000000 
0.000009 
0.000000 
0.000000 
0.000000 
0.000014 
0.000000 
0.000000 
0.000000 
0.000000 
0.000009 
0.000000 
0.000000 
0.000000 
0.000000 
0.000000 
0.000000 
0.000007 
0.000007 
0.000000 
0.000000 
0.000000 
0.000000 
0.000000 
0.000012 
0.000009 
0.000000 
0.000000 
0.000000 
0.000000 
0.000000 
0.000000 
0.000000 
0.000000 
0.000000 
0.000000 
0.000000 
0.000007 
0.000009 
0.000006 
0.000008 
0.000031 
0.000000 
0.000010 
0.000000 
0.000006 
0.000009 
0.000000 
0.000000 
0.000000 
0.000000 
0.000011 
0.000011 
0.000000 
0.000000 
0.000007 
0.000000 
0.000000 
0.000000 
0.000010 
0.000000 
0.000006 
0.000010 
0.000009 
0.000010 
0.000011 
0.000000 
0.000000 
0.000009 
0.000010 
0.000011 
0.000008 
0.000012 
0.000010 
0.000000 
0.000000 
0.000000 
0.000000 
0.000000 
0.000000 
0.000010 
0.000000 
0.000000 
0.000008 
0.000007 
0.000007 
0.000006 
0.000006 
0.000008 
0.000000 
0.000000 
0.000000 
0.000000 
0.000000 
0.000000 
0.000007 
0.000000 
0.000010 
0.000008 
0.000000 
0.000009 
0.000008 
0.000000 
0.000000 
0.000000 
0.000011 
0.000000 
0.000008 
0.000000 
0.000000 
0.000000 
0.000000 
0.000000 
0.000000 
0.000011 
0.000011 
0.000000 
0.000000 
0.000000 
0.000000 
0.000008 
0.000008 
0.000000 
0.000000 
0.000000 
0.000000 
0.000000 
0.000000 
0.000060 
0.000000 
0.000000 
0.000006 
0.000011 
0.000000 
0.000000 
0.000000 
0.000000 
0.000048 
0.000000 
0.000000 
0.000012 
0.000000 
0.000008 
0.000006 
0.000000 
0.000000 
0.000009 
0.000000 
0.000000 
0.000000 
0.000000 
0.000021 
0.000008 
0.000000 
0.000000 
0.000000 
0.000000 
0.000000 
0.000000 
0.000007 
0.000008 
0.000000 
0.000000 
0.000000 
0.000000 
0.000000 
0.000010 
0.000000 
0.000000 
0.000010 
0.000008 
0.000000 
0.000000 
0.000010 
0.000000 
0.000000 
0.000000 
0.000000 
0.000000 
0.000000 
0.000008 
0.000000 
0.000009 
0.000000 
0.000014 
0.000007 
0.000000 
0.000000 
0.000000 
0.000000 
0.000009 
0.000000 
0.000000 
0.000017 
0.000000 
0.000048 
0.000000 
0.000022 
0.000024 
0.000000 
0.000000 
0.000007 
0.000000 
0.000010 
0.000008 
0.000011 
0.000000 
0.000009 
0.000010 
0.000009 
0.000000 
0.000000 
0.000011 
0.000000 
0.000010 
0.000000 
0.000000 
0.000007 
0.000009 
0.000000 
0.000000 
0.000000 
0.000009 
0.000012 
0.000012 
0.000000 
0.000000 
0.000000 
0.000000 
0.000010 
0.000000 
0.000009 
0.000007 
0.000011 
0.000039 
0.000000 
0.000000 
0.000000 
0.000020 
0.000010 
0.000012 
0.000000 
0.000009 
0.000000 
0.000006 
0.000000 
0.000313 
0.000000 
0.000000 
0.000000 
0.000000 
0.000000 
0.000000 
0.000000 
0.000012 
0.000000 
0.000000 
0.000000 
0.000000 
0.000000 
0.000000 
0.000000 
0.000000 
0.000000 
0.000000 
0.000000 
0.000000 
0.000000 
0.000000 
0.000000 
0.000000 
0.000000 
0.000006 
0.000012 
0.000000 
0.000000 
0.000000 
0.000000 
0.000000 
0.000008 
0.000000 
0.000000 
0.000000 
0.000000 
0.000007 
0.000012 
0.000009 
0.000000 
0.000000 
0.000000 
0.000012 
0.000000 
0.000000 
0.000000 
0.000000 
0.000000 
0.000009 
0.000000 
0.000033 
0.000000 
0.000008 
0.000000 
0.000008 
0.000000 
0.000000 
0.000009 
0.000010 
0.000000 
0.000000 
0.000000 
0.000008 
0.000006 
0.000007 
0.000006 
0.000017 
0.000000 
0.000184 
0.000000 
0.000000 
0.000007 
0.000000 
0.000012 
0.000012 
0.000000 
0.000009 
0.000000 
0.000000 
0.000000 
0.000000 
0.000000 
0.000000 
0.000000 
0.000000 
0.000024 
0.000000 
0.000000 
0.000000 
0.000000 
0.000000 
0.000007 
0.000000 
0.000000 
0.000460 
0.000010 
0.000006 
0.000000 
0.000000 
0.000000 
0.000000 
0.000000 
0.000008 
0.000008 
0.000000 
0.000000 
0.000000 
0.000000 
0.000000 
0.000000 
0.000000 
0.000012 
0.000000 
0.000000 
0.000000 
0.000000 
0.000000 
0.000000 
0.000000 
0.000000 
0.000000 
0.000452 
0.000000 
0.000008 
0.000000 
0.000006 
0.000007 
0.000010 
0.000011 
0.000000 
0.000007 
0.000333 
0.000007 
0.000000 
0.000000 
0.000000 
0.000011 
0.000000 
0.000008 
0.000007 
0.000000 
0.000000 
0.000000 
0.000006 
0.000006 
0.000000 
0.000000 
0.000000 
0.000000 
0.000000 
0.000000 
0.000000 
0.000000 
0.000000 
0.000000 
0.000010 
0.000000 
0.000006 
0.000000 
0.000010 
0.000015 
0.000000 
0.000000 
0.000000 
0.000011 
0.000000 
0.000000 
0.000000 
0.000000 
0.000006 
0.000006 
0.000000 
0.000006 
0.000000 
0.000000 
0.000000 
0.000011 
0.000000 
0.000010 
0.000010 
0.000000 
0.000000 
0.000000 
0.000007 
0.000000 
0.000008 
0.000009 
0.000000 
0.000007 
0.000008 
0.000000 
0.000000 
0.000018 
0.000000 
0.000000 
0.000000 
0.000000 
0.000006 
0.000010 
0.000000 
0.000007 
0.000000 
0.000035 
0.000000 
0.000007 
0.000045 
0.000009 
0.000000 
0.000007 
0.000000 
0.000000 
0.000000 
0.000000 
0.000000 
0.000006 
0.000000 
0.000000 
0.000011 
0.000000 
0.000000 
0.000000 
100.000000 
100.000000 
100.000000 
100.000000 
100.000000 
100.000000 
100.000000 
100.000000 
100.000000 
100.000000 
100.000000 
100.000000 
100.000000 
100.000000 
100.000000 
100.000000 
100.000000 
100.000000 
100.000000 
100.000000 
100.000000 
100.000000 
100.000000 
100.000000 
100.000000 
100.000000 
100.000000 
100.000000 
100.000000 
100.000000 
100.000000 
100.000000 
100.000000 
100.000000 
100.000000 
100.000000 
100.000000 
100.000000 
100.000000 
100.000000 
100.000000 
100.000000 
100.000000 
100.000000 
100.000000 
100.000000 
100.000000 
100.000000 
100.000000 
100.000000 
100.000000 
100.000000 
100.000000 
100.000000 
100.000000 
100.000000 
100.000000 
100.000000 
100.000000 
100.000000 
100.000000 
100.000000 
100.000000 
100.000000 
100.000000 
100.000000 
100.000000 
100.000000 
100.000000 
100.000000 
100.000000 
100.000000 
100.000000 
100.000000 
100.000000 
100.000000 
100.000000 
100.000000 
100.000000 
100.000000 
100.000000 
100.000000 
100.000000 
100.000000 
100.000000 
100.000000 
100.000000 
100.000000 
100.000000 
100.000000 
100.000000 
100.000000 
100.000000 
100.000000 
100.000000 
100.000000 
100.000000 
100.000000 
100.000000 
100.000000 
100.000000 
100.000000 
100.000000 
100.000000 
100.000000 
100.000000 
100.000000 
100.000000 
100.000000 
100.000000 
100.000000 
100.000000 
100.000000 
100.000000 
100.000000 
100.000000 
100.000000 
100.000000 
100.000000 
100.000000 
100.000000 
100.000000 
100.000000 
100.000000 
100.000000 
100.000000 
100.000000 
100.000000 
100.000000 
100.000000 
100.000000 
100.000000 
100.000000 
100.000000 
100.000000 
100.000000 
100.000000 
100.000000 
100.000000 
100.000000 
100.000000 
100.000000 
100.000000 
100.000000 
100.000000 
100.000000 
100.000000 
100.000000 
100.000000 
100.000000 
100.000000 
100.000000 
100.000000 
100.000000 
100.000000 
100.000000 
100.000000 
100.000000 
100.000000 
100.000000 
100.000000 
100.000000 
100.000000 
100.000000 
100.000000 
100.000000 
100.000000 
100.000000 
100.000000 
100.000000 
100.000000 
100.000000 
100.000000 
100.000000 
100.000000 
100.000000 
