01000001101111111111100011100100 
01000011101010111011100010111111 
01000010110011001111101100110000 
01000011000101000110101110100000 
01000001011110101001101000101101 
01000011001111100000111001111010 
11000000110011100000100100010101 
01000011101100100100110100010111 
11000011101110000011111011011100 
01000010100101010110101010010011 
01000010010011110011100101100000 
01000001111010101100101110100111 
11000000110110101011000100110000 
01000001000101001010110001111100 
01000010011010001111010100101110 
01000011010110110001001010101111 
01000011100100110101010010011000 
01000001000011111010000111011100 
01000001101001000101001100001100 
01000010000111001110011000011011 
01000010011001000000111110000011 
01000011000000110111101011010111 
01000011011000101100111110110011 
11000011011101111100101110111110 
11000000101011010001101011000110 
11000001101001100111100100110111 
01000000100010110001101010000011 
11000010111100011110111001010000 
11000011000010000101010110011110 
11000010010001001011000001000010 
01000010010001000110100000101001 
01000011001010111001011011011110 
11000010111110000110001101011000 
01000011100011100001001001101100 
11000011000111111000111101101110 
11000010000111000110110001001001 
11000010101001010101101101101100 
01000011001011000000100001100100 
11000000001011100001010111001100 
01000010101000000100101111001000 
01000010001111011110010001110010 
11000011110000110100010011101110 
11000011000010001010101111011011 
01000011101110010011001110000101 
11000010111000100000000011100110 
11000011001010111000100001100110 
11000011010011110100100011001001 
11000011111101111010110101100111 
01000011000000110110101110011110 
11000011010100111010010001100110 
11000001100101111111101110000000 
11000100000101001011101110001110 
11000011000101011110110000010101 
01000010111100100100110000011101 
11000010100100010000001011011000 
11000011001010011110111010001110 
11000011011000000010000010000010 
01000001010011011110110011101001 
01000010110110011101100010010100 
01000000010001010101110001000010 
11000011000010111110010010100001 
01000010010100100001001011100001 
11000011001110010111010101010001 
11000010000100010111111010010111 
11000000100111010000010001001001 
01000010101010100011110010100111 
01000011011100111101010101001101 
01000010101101010001101010111000 
01000011011011010111110100000101 
01000010010001000011100111000001 
11000010100111110011110111110010 
11000001100111111101110101100000 
01000011011000001000011100010001 
01000010010101010000110101111100 
11000010100011011010011110101111 
01000010001110111110000001101111 
11000000110011101000100110001111 
11000001010001111101001101101110 
11000010001000101110000101000010 
11000001100110010001101110110000 
11000011110111100001111100110110 
01000010100011000100110000101000 
11000010111000110011011110011000 
11000010101100010010111010110000 
11000011110110011100000010111101 
11000011010101100110001011000011 
11000011001000001001110010011100 
01000010001001010010110010111010 
01000011001101001000010100010001 
01000010001100100111010110100010 
01000011111110000000001000001001 
01000011110110011111101000000111 
11000000011110111111001011111010 
01000010110100111000100010011000 
11000011011011011111010011011110 
11000010110110110111010100111001 
11000011101101110101000101110110 
01000001101010101010010001101111 
11000010110010111001111001011100 
11000001100011000101110010000110 
11000011001000101111101011010001 
11000011010101011011101011100101 
01000011001100011001000101011000 
01000011111001000100110100000111 
11000010000111000110000000000111 
01000011011001011100101001000111 
01000011000100110100001101001011 
01000001010000010100110000000100 
01000010100001011000100000011101 
11000010100100110111011010100111 
01000011011011110110010010000001 
01000011100001100011110111110100 
11000010101011010011001111000110 
11000011000111001001111100100011 
00111111100100111100100101110001 
11000010110001101100011111010101 
01000010010110110011110010000110 
00111101100110100011011001010110 
01000000111111101110101000110000 
11000011110010101100000110100000 
01000010101010110100100100000110 
01000010101111101011010111111010 
11000010100010110000110101010010 
01000011100101110101011000110110 
01000011011101111011010111100100 
01000011100011000011111101000111 
01000010011100101010001101111011 
01000001111110111111000101010001 
11000010011010011111101001011000 
11000010100000111000110010010011 
11000010100111010000111001101101 
11000011010110001100011101101011 
11000011101000001010000110110110 
11000010001111111000000011011001 
11000010011111100101001111000111 
01000011111001010110101011001110 
01000011100110110011111100100001 
11000001100100000000111110110100 
11000010110010001001010101111000 
01000000101100111001111000001000 
01000010100000010000001010111010 
11000011110100011000111011111011 
01000011011100101001110000111110 
01000010100111000010100111011101 
01000011000010000101011101101000 
11000011000110110100110111001110 
01000011110010010001111110111001 
11000001010111110010001010110100 
01000001000100011000110011100010 
01000011100101110110110011001110 
01000001111111101111110110110010 
11000010111011100111010010110011 
01000011100000011111010100110111 
01000011000101111110000101110111 
01000010001001111010101010011001 
01000010011100101000110101100111 
11000011000001011100110001000110 
11000001101100011101001010011001 
01000011001110110111111110101111 
01000011101101010110011010111001 
01000010100110011100110101100001 
11000011001110110111011001111101 
11000010011111011101100001000010 
11000010001101110100111000001110 
11000011101110010011101110111010 
11000001111101010110011000100010 
01000011011001011000100011010001 
01000010100100000010111110111110 
11000010001111111100111111010110 
01000011000000100111001111111000 
11000011010100110100100101000000 
01000011011100011111111110011011 
01000011110101101000011100101111 
01000001111001100110001110110111 
01000011001001010010001100001000 
01000011011000010010001101010011 
01000010000000011100101011001001 
11000011010101101011000111110111 
01000010100101000000110000000010 
11000011100011111000110000001001 
01000000101100111000001010101110 
01000011000100000110100010011110 
11000011010110111000110110010110 
01000011111011100011000110001000 
11000010101110111100100010100010 
11000011100010110111111010000101 
11000011010111100000010000100101 
01000000110101100101110010110110 
01000011110011101100001101111110 
00111111100001011010110110111010 
11000011100001100111000100000010 
01000011101001110001000010110111 
11000011011100010010111101110011 
01000011100011011110001101011001 
01000100000000000010011100010001 
11000010101010100101101100111010 
01000011001100011000011011101001 
01000001111010110011111111100001 
11000100000001001110010111111000 
11000000100001101100011000110110 
01000011001011110010011001111101 
11000011101110001111100000001001 
01000011100101110011011001001000 
01000011101010110111110010000001 
11000010010100011010000110010000 
11000010101101110010101110010101 
01000010011000101011000001000101 
11000011000100110110011001011111 
11000011001111100101000110101101 
01000011000000001110111001001011 
01000100000011011000011000001100 
01000010001111110111101010001000 
01000010101110101110101101100000 
11000100000100001111010111001001 
01000001100000000000110111100100 
11000011011101011000011001011101 
01000010000000010000101110111011 
11000010000111011001110101110101 
01000000110010010100001010111101 
01000010011100010000100001110001 
11000000111101000011100110110100 
11000011011011111110101011111111 
11000011010010001010010010011111 
11000001101001000000011011010000 
01000011100000101110000001111011 
01000010101010110111010000101100 
01000010110111111111100101110100 
01000000010100110010110000000000 
11000001110011100101100000101011 
11000000100011010010010100110001 
11000010101010100100010000000001 
11000011010110101001001110100011 
01000010100011011010100101001011 
11000011101101101100111011001011 
01000001010010001010111100011110 
01000010100100100001111100101110 
11000010011010011101111110010000 
11000011100101101011011011011111 
01000010110111000001010000011010 
11000010100011100001110100111000 
11000011001000010100111000100101 
11000011000010110001010010010101 
11000011101111100001000100111000 
11000011111100111000110011001001 
01000011100110001001000011000101 
11000011010110110010000011011101 
11000011011110010000100101110110 
01000011101010000010100111011111 
11000001010011101100110001100011 
00111111011000011110110110110101 
11000001011010110111100100010110 
11000011110101000001010001010001 
01000011001011000111100100000100 
01000011000110110001110000110001 
01000001101100010001100110111110 
11000011100111110111100001001100 
01000010101100110001011101000000 
01000001111100010111011111110011 
01000011100010110101011111110011 
01000011000110101100100001100010 
01000001100011000101010000010111 
11000010101101101110101000111000 
11000011101010110111011011011111 
11000010001011011101111000110101 
11000010001111101101111100100000 
01000010001110010100000101110111 
11000010010111011001010111111100 
11000011000000000011111010011001 
11000001000111101001001001001100 
11000000110001111001001011001101 
01000011101101001000011010011110 
01000010010010010100010011000110 
01000011000011101110100100011011 
01000011100000101000110000100000 
11000001101000101110100101101000 
01000010010000010001011001001100 
11000011101101100011001010001011 
11000010100000011001101001000011 
11000011001001010101101001010000 
11000100000001001110100010100001 
01000011100000111000111111011000 
11000011000111001010110010010101 
11000011000100110000100100010011 
01000010100000011011100010111000 
01000011100110100001100101011001 
01000011001000101101101101110011 
11000001011101110001110001110010 
01000001100010100101100011101001 
01000001101101011001001011010110 
01000010101010101011010110001010 
01000010100000001001101100101100 
11000011100100010101011010011010 
11000100000101110010100111110011 
01000010110000010001000101110011 
01000010111110001101010011110100 
01000011001100000100000001011011 
01000010010111001010000111111110 
01000000011110110000101110100111 
01000011101010101011001110000101 
01000011100010000000110110100001 
01000010100110101011010001001011 
11000011111001010110001000011111 
11000011000111101010100111100010 
01000010110000010001110101110100 
11000001000010100010011001010011 
11000010100010001001111111000011 
01000010001111010000011011100011 
11000001110111001010001101001001 
11000011100100000111010110101101 
11000010100100011011111101001001 
11000001100101001110100011011100 
11000011001000000010001000111010 
11000010110011011001100010100011 
01000100000010011010111110011110 
11000011010011111101101000101110 
01000010011111011010011000001010 
01000011001000101101111001010101 
01000011000100010011010111111010 
11000011001010100110001000111100 
01000010110111000010111111010010 
11000011110101001100000011001101 
01000011001000001001010101111101 
11000011101011011100100111110101 
01000010101010111010100011100110 
11000001100101011100011110010001 
11000011100000001111110001011111 
01000010000001000101001101101011 
01000011011101111011001111111110 
01000010111000101101100111011000 
01000100000001000011100000100011 
11000011110101111010000100101011 
11000011000111000010001101001001 
11000011001001010110010111001010 
01000010001110011001111101010110 
01000011000010111110110001010010 
11000010000101101101101101001001 
01000000001100010010111100100010 
11000011001100011100101101110100 
11000010001011001011100001011000 
11000011100011111000100011010101 
11000001100110011001100100000010 
01000010100100001101011111011100 
11000011010111101100110000111001 
01000011100110101011010010010000 
01000011100101001100000100000000 
11000011010000110000110101010011 
01000011001100001011011011100001 
11000011000011101101100100001000 
11000010111100111111010000010010 
11000011101111101010011010100001 
01000011001100100100001100000110 
11000010000010110101111111101011 
01000000110000001010001000000111 
11000011110110000100011100011101 
11000010101010010100111001110011 
01000010001000001100110101111101 
11000010001010010101111100111001 
11000011110101000001101000011111 
11000010110010110110110011111111 
01000010011000100010010111000001 
11000011101011111010011100101101 
11000010100111101010000011110001 
01000011100000001101011100100100 
11000011100100100000101010100011 
01000001100110011100000110011101 
01000011001110101010101000100010 
01000010010100001001010100111001 
11000001110110010111011010110011 
01000011000000101001000001101100 
11000011110101101010010111000000 
00111111100110111111100111010111 
11000011000000100010010000100100 
01000010000010101010001101001101 
11000011101001000111110001010011 
01000001101000001100011110100011 
00111111110100100010011111101000 
11000011000111010100001101010110 
11000011100011000010001110101000 
01000010101000111110000111100110 
01000001100001111101110100110010 
11000011110011000111111001000001 
01000010000001101011100100101010 
01000011100101001010010111000101 
11000010001010010001110001110100 
11000010111000001001011101101101 
11000011101111001100001100000000 
11000010010101110000000101001010 
01000010011010111101000011001000 
11000001011101010100000001110111 
11000010110110101101101100101010 
01000011010111000011111000010110 
01000010101011101101101001111110 
01000011100000100000100110000110 
11000010110111011100100101001000 
01000011011100111101011101010111 
01000000001101000101011010001100 
01000011100100111010100010000110 
01000011001011111000010011101111 
11000011010010100110010101000110 
11000011011010101001111100101000 
01000010000010101101010011110101 
01000010110100011110001101001110 
11000011001000101101111110101000 
11000010101101011110011100000000 
01000001001110110010011001101110 
01000011110011001010110011010001 
01000011111110000011110000010000 
01000010110100000011001011100100 
00111111001000100000001001001001 
11000011010010011000111101101011 
01000011001111000111001100101011 
01000001001001010100000010000111 
01000011101110000101011100001010 
01000001000111100010011110001001 
11000011100010001001100100111010 
11000001000011011110011101100111 
01000011100000100011111010001000 
01000011101110001100100111101011 
11000000010100000101011010101000 
11000011101110011011000100110011 
01000011000101001100111001001101 
11000011000011110101110011011111 
11000011011101101100001100010111 
01000010101001000111111011011111 
11000011101000101111000110011010 
01000010110010000101110000010011 
01000100000001000100111011011010 
01000000111010011011111000101010 
00111111000111110011101010011011 
11000010001111110010100100110100 
11000010001111011011101100001110 
01000010111111100100011110110011 
01000010110011101000100010010100 
11000011000111101110010110000011 
11000010111011100000001101111000 
01000000100010001010000010010000 
11000011000101001001111111010100 
01000011011010011101010100110110 
11000011110110000110111000010000 
00111100111011101101011111100100 
01000000101000101110111001011000 
11000011100001001101100100001001 
01000011001101101011110111001100 
01000000110101111010010101100000 
11000011001100000011100110111111 
01000010000010100110010011101001 
01000011001101011101111110000110 
11000010100101101100101000011011 
11000010100111111010011101001101 
01000011101001110010000000100101 
01000011000100010010010000111000 
11000011000001010111100100101110 
01000010110010000101011101001110 
01000011000111000011000000001001 
01000001101111101111011100110001 
01000000100100000010001100101100 
01000011001010010000101100001011 
11000001001111011111100101100100 
01000010011110001011000100000000 
11000010100011001000111010001010 
11000100000100011000111110010000 
10111111110000111001010100010011 
01000001101101010001000010111000 
01000010100101111100010111101111 
01000010110011000101111000011011 
11000011001010000011000001100010 
01000011100100110010001100101101 
01000011011010100000110100110101 
01000011111011000011000111110110 
01000010011000110110010101100110 
11000010011001001011011110101000 
11000000110101101110101111000010 
01000001011010001100100100100110 
01000010110100011101001000101000 
01000011110100001011101000000000 
01000010110100001100011011001101 
11000010100111101110110100110110 
11000001111010100100101010111000 
11000011101000010101111001010101 
11000010011001010110001001001000 
11000001110111100000000110111110 
01000011011111100010000011001011 
11000011010111011111001001110100 
01000011001111101100000011110111 
11000001011010101101000011111000 
11000011101110101110110000011111 
01000011100011001111101010111000 
01000010001101000100100110011001 
11000011101011111100001110100100 
11000001010101101101110011111100 
11000010111001110100000101100110 
01000010101100101110110110101000 
11000011101101111100010100101111 
01000001100011101110100111011000 
01000001011101010111001110000100 
01000001000110001000010010100000 
11000000111100010001000110010011 
11000001011000001101010011111111 
11000011111110101111100100000011 
01000011001111011100001101110101 
01000011010110101100111100100111 
01000011000100001111010111010001 
11000100000000001110111100101111 
01000010010000001000010110100001 
11000010110001001000100010100010 
01000011000011110010101011101000 
01000010001110111000100111011011 
01000011001111001110001101110000 
11000010101101001111111001011110 
11000100000100001001000011100111 
11000011101100010110111100100011 
01000011110100001101000011011100 
01000011100111001100010110111011 
01000010010011111010011000100010 
01000011100101100110010011010001 
11000001110101001010001101100101 
11000010010101100001110010000110 
01000001110111100010001000110001 
11000011110001101110100110011110 
11000011011101001011010111001000 
01000010111000010000111111011001 
10111111000110000011010001101010 
01000011110110001011010110011010 
11000000011100011010010101011011 
11000011100001011101101001111011 
11000011011111110000111001010000 
11000011100000010101100100110101 
01000010111000010000110101101001 
11000011001010001010010111001111 
11000011110111000111110110010110 
11000011101100010011111111111100 
01000011100011100011001000110111 
01000011100100010001010010000010 
01000001100100111100111000011110 
11000011100000101001111110011100 
01000001010101111101010001010001 
01000011000011110100010101011010 
11000011001001100001010100001010 
01000001111001001100100111001101 
11000010101011101100110010011011 
01000011000101010110110001111101 
11000010100010101011011001011101 
01000010110011101101010111010101 
11000011000101110011000110001110 
11000011000110011101110001111000 
11000001111001101101010010001100 
01000001111001111110110110100111 
11000011011011110111000101001000 
01000010001011010110100001000001 
11000011011000010111000000000100 
11000010111100100100110110101110 
11000011011101110010110110101110 
01000011110110110011001010010000 
01000001010110001111011110011101 
11000010101100111010001010111100 
01000011010000100110110000101110 
10111110010111100000100101001001 
11000011110011101101111000101111 
00111111010010010011001010110010 
11000011000000111101010001010111 
01000011000110001011011001010011 
01000011100101000101001111101101 
11000011100100000100110110111111 
11000001110001011110111100101001 
01000010011010011100010100100111 
01000010101110000110010110111001 
01000011001101100010110100111111 
01000011110010001110001101100111 
01000011101100011000111100011100 
11000100000011000101001111001011 
11000011001010010010101110011101 
01000011000010001001111101000100 
01000001101101001100010010100110 
01000011010001001010011011010001 
11000011010010010000001100110001 
01000011000000000111110001010010 
01000010011100100001111001101010 
01000010001011111101001100010101 
11000001100001000001100001111010 
11000011110011100000010001001110 
11000011010100111111010000100111 
01000001001010100000111010110000 
11000010101011010100100111100011 
11000011010100011001111001111100 
01000011101111110101100011111011 
01000010101001110101101111001101 
01000010110100100101001010000000 
01000000011001110010100110001001 
01000011001101111111011111011101 
11000010101111000001100111000101 
01000010101101000101011011010010 
11000011101011001110111000001100 
10111110101001011111000111001001 
11000010100101001000001111100101 
11000001101110101100010100110011 
01000011100011001100001000110001 
11000010100010010101001011011101 
11000011101000101010100011000110 
11000000010111000111010010001101 
11000010100111101110110001100100 
10111110001010001011110110101001 
11000011010110100111101000101100 
11000010111001100011111001001110 
01000011001001110110101100111111 
01000010100110100111001111011010 
11000011001010011010101010011001 
11000001111001001100000010111001 
01000010110101100111101100100100 
01000011110110011101000110010100 
01000010000000001110100001101100 
01000001101100001100101110000010 
11000011100011101010100001000101 
10111111000100101110110011100011 
01000011001011110111001101110000 
01000010111010000001100010011110 
11000010000011110100001100001010 
01000010100001000001001100100010 
01000011000110010110110110000111 
01000010011001011000000011001111 
11000010110001111011001001010011 
01000011101001000111111010001101 
11000010111001000111010010011100 
01000010101110100010110100001001 
11000010111010111110110001100010 
11000011110110001011000110001010 
11000011010111111110000001100100 
01000011011101001010111111000101 
01000011000101000000101111111111 
01000011100111001100100111101111 
11000010000000101101101001111100 
01000010110111011111010011000111 
01000010101011100110100100001010 
01000011000101010101111000011011 
01000011000000100110001001010110 
11000011110010001110101010001111 
01000011001100101111011111000011 
11000001111100111111000100011110 
11000010111010110110110100010101 
11000010110100111010110100000111 
11000010111011101001011000010001 
11000010111111100111111011110110 
11000011011110011111101011111010 
01000011000100010011100010000001 
11000010011011101001100110101111 
11000011101110111101000111000100 
01000011100000110011101011010100 
11000011010001001011011110001001 
01000010111010010110011100000101 
11000011000101011110100001011110 
01000001100100010110000110011101 
11000010101100001010110101010100 
11000010010100111010010001001110 
01000010100010111110001011100001 
11000001000011111110010001010000 
11000010111001101010010100111001 
11000011000011000000100100011001 
11000011110001110101001100010101 
11000011011000010010001001101111 
01000010001101010000111110100111 
01000011011100000010111110001000 
01000001110101000011101100101011 
11000010100110111000010100101011 
11000011101110101110000001111001 
01000011010010101100011110010000 
11000011011110100011001010011101 
11000001000111111101111101011111 
11000000000101001011000111101111 
11000010110111110100100011000010 
11000010000101000000000001000101 
01000010000100110101011111010001 
11000011000110001000011101101001 
11000010101010011100001001100001 
11000011101001100001111100000110 
11000011100000000011010100111011 
01000000011010010000100000111110 
01000011001111101000010010111101 
11000010010100110001011000101010 
11000001001001010011100011011010 
01000010001100100000111000101111 
11000011101110001101111000101101 
11000010001000101011000100100101 
01000010000110001111100110001001 
11000100000000010010111110001010 
01000011100001110011100111000000 
11000000000110010110111011001110 
01000011000111000101000100111010 
00111111100101010000000001111010 
11000010000101100000110110100010 
11000010100010100110001000000110 
11000011111001101100001100011001 
01000000010001001011010001000100 
01000011011111111100001011101010 
11000011101011000011010000110011 
01000010101001110000001110100101 
11000010100111000001111000010001 
11000000110000110101011001111101 
01000011010110110010100100101100 
01000001011101111000011101000111 
01000010101010110101001101001111 
01000011101001100010011010100110 
11000011010100101011110001011110 
01000001110101001111100101010010 
01000011111111101101000010111100 
01000001111101100111111101010111 
10111111011101110010110010010011 
11000011100110111010010100001010 
11000011010101111010011100110101 
11000000111101100100111000110100 
11000011100011011010001110011010 
11000010011111110000111110101101 
11000001010011010000011100001001 
01000011100010011111101010001011 
11000011100010010010011111000111 
11000010111111010110110000101011 
11000011100001001110001011111000 
11000011011111101101011111110001 
01000011000000000111110111101100 
01000011011010010110101001110001 
01000011011111111001100101000110 
11000011000011100101110101110000 
11000011011110000101011110111101 
01000011001000011111010010110011 
11000001111001010001111111100000 
11000010111010101010001110110011 
11000011011011000010011101010101 
01000010101111111101000101101010 
01000011000011110110111001011010 
01000011011001110001100001011100 
01000011100001100011100101100100 
11000010111000110100011001010010 
01000001100001100111011110010011 
11000011101111101011001100100010 
11000011010110100111000100100101 
01000000101000111001000000111001 
11000010011101101110110100000000 
01000011000101100011100011100010 
01000001011010011011101000110111 
01000011111001100011111100011111 
11000010110001000001100111101101 
11000010111011111100010110010111 
11000011011110100110110111000110 
11000011001001101101011100111101 
01000010110001011001011101111100 
11000011100101101101000000011100 
11000010100111110000111110111010 
01000010010111000100111010101111 
01000001101110010000010111111000 
11000011011011100000111100011010 
11000011111111010011000000110011 
01000011100001001110010101000110 
11000010001011100110110011100000 
01000011010100001000101110010100 
00111111101000111101110111110101 
01000011000000001100010010001110 
01000010000100110111011011101011 
11000011100101101101001111101010 
01000011100101001001000000111000 
01000011100100010011010100101101 
01000001101101111111100101010011 
11000010101111001010100001111110 
11000010010001100100010010011000 
01000001100011101011001110010100 
01000011111100000010101001110011 
01000010010101100110110011100001 
10111111010000010111100010011100 
11000000101000010101010001001001 
11000011110001111011010110001110 
01000010001101011001001011010011 
11000011010111100101000100000001 
01000010101110000000001110010100 
11000011000001010001111011011001 
01000010001001010111110000110111 
11000011001111110110111100001110 
11000010000101111100100110110011 
11000011001100101011011000001110 
01000011100011100101001010111001 
01000010110001000110100100010000 
01000011011000110101001010001011 
11000001111000100100101010010111 
01000010101100001101100101101110 
11000011101101010110010011011111 
11000010100010011011010000000011 
11000011100010010111110101010001 
11000011010000110011110111010110 
11000011100001110000011010011101 
01000011000011001010010111001001 
11000001111010110010011100010010 
01000011000101010100000100001000 
11000011011111001011000001111110 
01000010101110010011100100101111 
01000011001010100101010001001010 
01000010010110000101100000111100 
01000010101011001101100110010101 
11000001100111111100111011011011 
00111111011111110011111010111011 
01000001110010101011101110011111 
01000000010110010100101010100101 
01000100000100110010011001011101 
01000011001110011101000111101010 
01000010110000110000110011110100 
01000011011010011111001011011011 
01000010111100000101110010010011 
11000011100110111011100011111110 
11000001010001001000011001100110 
11000010111110110100110010010111 
01000010110110011010100001010110 
01000010111010011110110110001100 
01000001101100001101100000001001 
11000011010000110100000101011011 
01000010010011001111101010001110 
11000011001011111010110001000000 
01000011101110111101111110111011 
01000010111001010010110111010110 
01000011000011101000011110001110 
01000011100011101110100100010010 
11000010110111110000001010011010 
01000011101100001100001011011101 
11000010100010100000001111000001 
01000011100110100000010010111111 
01000010001001011101010101101001 
01000011100100110111100001011001 
11000011100001100101110100011010 
01000001101110110010011101010011 
01000010100101001110100010110000 
11000011100101111011100111110001 
11000011000101100000010110001101 
11000001011100100111100011001000 
01000011100101110011010011000101 
11000010110000010011000100000101 
11000001011011001011000101000001 
11000011110100010110110001101110 
01000010111111100101010110101011 
01000011100010110100001010100101 
01000011001101111111100111101010 
11000001110000111010100110101010 
11000010110000101010101111011111 
01000010000111110110010110001100 
01000011000110110110011001010000 
01000010011110111011101100001010 
11000011001100000011000100010001 
11000010110100011001101101111001 
01000010010101100010100011111001 
01000011001101101000000110001010 
11000011010001000001101000000010 
11000011010100100101111100011011 
11000011100011010000011010011010 
11000011101100111001100000001000 
01000001100100000100100101011001 
11000000011011101011101111100000 
01000011001010000010010011110110 
11000011111000100111000001110000 
11000010100011001111111000110101 
00111111010101011110010001101100 
11000011000000110100011110111000 
11000001111101101101110000110000 
11000001111111101110100100010000 
11000001011010011011101010100001 
00111111110010001110001001111110 
01000011100101101010000010101100 
11000011110000110111101101110010 
01000001101010010110001000001100 
01000010111110011010000111110010 
01000010001010100000000000010110 
01000000101110100110101011100110 
11000011110100010111100000000111 
01000010111110101000000011010000 
01000011101111011110101110000000 
11000010010011000110000100000101 
11000011101000001010011010001011 
11000010111000110111001101010111 
01000011100000110010001101010010 
01000011011000011100101101011110 
11000011101001110001110110011110 
01000011011101110100001000010001 
01000010110000110110000110010011 
11000011110001100101001010001010 
11000011011111101101111101011101 
11000011111010101110100100110000 
11000010100110001101010001011101 
11000011010011010100100001100111 
11000011000101011100100001111000 
11000011100110010101101100111111 
01000011011011010001011111011111 
01000000000001101101110011010010 
01000011000110111001110100001001 
01000010010001001110100001110011 
11000001101000000001111010011011 
01000001010110011000010110110110 
11000011100100001100100000100011 
00111101101001111010110110101111 
01000001100010011100001100101000 
11000010011101110101000000000110 
01000011000100001011101011110101 
11000011100001011000100010111010 
01000010000111101111110011111100 
01000010011101101000011110010100 
11000010011100111101011010000101 
11000011111010100010110110010110 
11000010000011010101000111001001 
01000010111000101011111010100100 
01000011111010100010110010001011 
11000011101001100101000100000100 
01000011000100110011011001000100 
11000010110100110000100101001010 
01000100000000010001011001001001 
01000011101110100010010011010001 
01000001001011010001100011100110 
01000011100000111000000110101100 
11000001110010011110010011000110 
01000011100111100001001110010000 
11000011000111111001110101011010 
00111111100100110011100000011100 
01000011001100110000011110100101 
11000011010110101011101101100010 
11000001000101010001111010110000 
01000011010100101011011111101110 
01000001100110101001000000111000 
11000001100000101000110001101011 
01000010111000111010001101110100 
01000011100000011010100111101001 
01000011001010001101010001100110 
11000011100001100110100110010011 
01000010011011101111111011100100 
01000100000010111001111100101001 
01000011100011011100001011011101 
01000010010011000111101010010100 
11000001110101110001101100001011 
11000100000000101011011111111100 
11000011011101110000100100011000 
11000010101101110101011100100011 
11000011100000010101101110111101 
01000001101101010001111010111110 
01000010110101110001011111001101 
11000010011000010111001010011010 
11000010111110010011101101100101 
11000011101101110110100011100100 
01000011010000111001000110000000 
01000011011100101010111001011000 
11000010011100100010100100000010 
01000010101110111101101101110100 
01000001111000010101011100101101 
11000010101000100100101011011110 
11000010001011001111101000110100 
01000011101110110110011000001010 
11000010000101111001100001111101 
01000011110000010010001010110011 
01000000110100100111011000011110 
11000010010010011110000110011000 
01000100000100100110011001110001 
11000011001000000011011000100101 
01000011110110100011011110011110 
01000010100101011100100011101010 
01000000111001101010010000100001 
01000100000110100001011110110011 
11000011000010101001001100010000 
01000011000100010001000100101110 
11000011111111110111000101001001 
01000011000111100000000110110110 
01000001111110010100000100110000 
11000000000100000011101001000111 
01000001011101010011110010100110 
11000010101010100100000011010100 
11000010010010100001111111101101 
11000001100101110101000101101111 
01000010100101101111111010111010 
11000010100100011000001010010001 
01000001110001010101011111000101 
11000011110010101010100010101110 
01000011010000100011001001010010 
11000011100010000100111110100100 
11000010000011000101010000101001 
01000001001000111010110110100010 
01000000110111101000000100101110 
11000011011110010000000110100010 
01000010000000000110011110001110 
11000001101001010100011111101110 
11000100000010101101000111001111 
01000011100000100010000010110010 
11000011000100001001101100111111 
11000001100111111110111010001011 
11000010101010101100110101001001 
01000011001001110111000011001111 
11000010110011000001110010010111 
01000011101011010010010001010101 
11000011000001000100001100011111 
11000010110010000101100001110101 
11000011101101001001011001101011 
11000011001010100001101010110111 
01000001111100011101011110011100 
01000001101110101011001011001111 
11000000010000111111100011000010 
01000001100100011010101000011110 
01000011110011111001001011011111 
11000011101001010001000110010100 
01000001001101010101000111001001 
11000010011010011000010010111000 
01000011101101100100010110110010 
01000011011101111100001010001001 
01000011101010100011001001101000 
01000010001110100100101111100001 
01000011100001101100101111010000 
01000001101010011111100010000101 
11000010111111110110100101100110 
01000011010110010000100100010101 
01000010100010010100001101101011 
01000010000011111100000000011010 
11000001111000000110011111000010 
01000010101101111001100100011101 
11000000110011110110010011111011 
01000010110000001100100111000001 
11000001000011000000101010111111 
11000010110010111001110100011110 
01000011111010001001101010110010 
11000010101100011010000111110011 
01000011101011100100111010010110 
11000010100101001100101101100011 
11000010010100101011100111011111 
01000001000100110100000100001011 
11000011100010001110100101001000 
01000001101001000101011101001000 
01000010001101010101110001111011 
11000000111111100001000100010011 
11000010110111000010110010001110 
11000011011001011111110100111110 
