23.996529 
343.443329 
102.490601 
148.420410 
15.662641 
190.056549 
-6.438609 
356.602264 
-368.491089 
74.708153 
51.806030 
29.349440 
-6.834129 
9.292110 
58.239433 
219.072983 
294.660889 
8.977016 
20.540550 
39.224712 
57.015148 
131.479843 
226.811325 
-247.795868 
-5.409518 
-20.809187 
4.346986 
-120.965454 
-136.334442 
-49.172127 
49.101719 
171.589325 
-124.194031 
284.143921 
-159.560272 
-39.105747 
-82.678558 
172.032776 
-2.720080 
80.148010 
47.473091 
-390.538513 
-136.671310 
370.402496 
-113.001755 
-171.532806 
-207.284317 
-495.354706 
131.420380 
-211.642181 
-18.997803 
-594.930542 
-149.922195 
121.148659 
-72.505554 
-169.931854 
-224.126984 
12.870339 
108.923004 
3.083756 
-139.893082 
52.518436 
-185.458267 
-36.373623 
-4.906773 
85.118462 
243.833206 
90.552185 
237.488358 
49.056400 
-79.620987 
-19.983093 
224.527603 
53.263168 
-70.827507 
46.969173 
-6.454292 
-12.489119 
-40.719978 
-19.138519 
-444.243835 
70.148743 
-113.608582 
-88.591187 
-435.505768 
-214.385788 
-160.611755 
41.293678 
180.519791 
44.614876 
496.015900 
435.953339 
-3.936705 
105.766785 
-237.956512 
-109.728951 
-366.636414 
21.330290 
-101.809296 
-17.545177 
-162.979752 
-213.730057 
177.567749 
456.601776 
-39.093777 
229.790146 
147.262863 
12.081059 
66.765846 
-73.731743 
239.392593 
268.484009 
-86.601120 
-156.621628 
1.154585 
-99.390297 
54.809105 
0.075299 
7.966087 
-405.512695 
85.642624 
95.355423 
-69.526016 
302.673523 
247.710510 
280.494354 
60.659649 
31.492830 
-58.494476 
-65.774559 
-78.528175 
-216.778976 
-321.263367 
-47.875828 
-63.581814 
458.834412 
310.493195 
-18.007668 
-100.291931 
5.613041 
64.505325 
-419.117035 
242.610321 
78.081764 
136.341431 
-155.303925 
402.247833 
-13.945972 
9.096895 
302.850037 
31.873875 
-119.227928 
259.915741 
151.880722 
41.916599 
60.638088 
-133.797943 
-22.227831 
187.498764 
362.802521 
76.901131 
-187.462845 
-63.461189 
-45.826225 
-370.466614 
-30.674870 
229.534439 
72.093246 
-47.952965 
130.453003 
-211.286133 
241.998459 
429.056122 
28.798689 
165.136841 
225.137985 
32.448032 
-214.695175 
74.023453 
-287.094025 
5.609702 
144.408661 
-219.553070 
476.386963 
-93.891861 
-278.988434 
-222.016190 
6.698817 
413.527283 
1.044364 
-268.882874 
334.130585 
-241.185349 
283.776154 
512.610413 
-85.178177 
177.526993 
29.406191 
-531.593262 
-4.211696 
175.150345 
-369.937775 
302.424072 
342.972687 
-52.407776 
-91.585121 
56.672138 
-147.399887 
-190.319046 
128.930832 
566.094482 
47.869659 
93.459717 
-579.840393 
16.006783 
-245.524857 
32.261456 
-39.403767 
6.289397 
60.258244 
-7.632044 
-239.917953 
-200.643051 
-20.503326 
261.753754 
85.726898 
111.987213 
3.299561 
-25.793051 
-4.410790 
-85.132820 
-218.576706 
70.830650 
-365.615570 
12.542753 
73.060898 
-58.468323 
-301.428680 
110.039261 
-71.057068 
-161.305252 
-139.080399 
-380.134521 
-487.099884 
305.131012 
-219.128372 
-249.036957 
336.327118 
-12.924899 
0.882533 
-14.717062 
-424.158722 
172.472717 
155.110123 
22.137569 
-318.939819 
89.545410 
30.183569 
278.687103 
154.782745 
17.541059 
-91.457458 
-342.928680 
-43.466999 
-47.717896 
46.313931 
-55.396469 
-128.244522 
-9.910717 
-6.236670 
361.051697 
50.317162 
142.910568 
261.094727 
-20.363968 
48.271774 
-364.394867 
-64.801292 
-165.352783 
-531.634827 
263.123779 
-156.674149 
-147.035446 
64.860779 
308.198029 
162.857224 
-15.444445 
17.293413 
22.696697 
85.354568 
64.303070 
-290.676575 
-604.655457 
96.534081 
124.415924 
176.251389 
55.158195 
3.922586 
341.402496 
272.106476 
77.352135 
-458.766571 
-158.663605 
96.557526 
-8.634356 
-68.312035 
47.256725 
-27.579729 
-288.919342 
-72.873604 
-18.613701 
-160.133698 
-102.798119 
550.744019 
-207.852264 
63.412148 
162.868484 
145.210846 
-170.383728 
110.093399 
-425.506256 
160.583939 
-347.577789 
85.829880 
-18.722445 
-257.971649 
33.081463 
247.703094 
113.425476 
528.877136 
-431.259125 
-156.137833 
-165.397614 
46.405602 
139.923126 
-37.714146 
2.768502 
-177.794739 
-43.180023 
-287.069000 
-19.199711 
72.421600 
-222.797745 
309.410645 
297.507812 
-195.052048 
176.714371 
-142.847778 
-121.976700 
-381.301788 
178.261810 
-34.843670 
6.019779 
-432.555573 
-84.653221 
40.200672 
-42.342991 
-424.204071 
-101.712883 
56.536869 
-351.306061 
-79.314339 
257.680786 
-292.083099 
19.219538 
186.664581 
52.145725 
-27.182959 
130.564148 
-429.294922 
1.218562 
-130.141174 
34.659473 
-328.971283 
20.097479 
1.641843 
-157.263031 
-280.278564 
81.941208 
16.983006 
-408.986359 
33.680824 
297.295074 
-42.277786 
-112.295753 
-377.523438 
-53.751259 
58.953888 
-15.328238 
-109.428055 
220.242523 
87.426743 
260.074402 
-110.893127 
243.841171 
2.817782 
295.316589 
175.519272 
-202.395599 
-234.621704 
34.707966 
104.943954 
-162.873657 
-90.951172 
11.696882 
409.350128 
496.469238 
104.099396 
0.632847 
-201.560226 
188.449875 
10.328254 
368.679993 
9.884652 
-273.197083 
-8.868995 
260.488525 
369.577484 
-3.255289 
-371.384369 
148.805862 
-143.362778 
-246.762070 
82.247795 
-325.887512 
100.179832 
529.232056 
7.304463 
0.621988 
-47.790237 
-47.432671 
127.140038 
103.266754 
-158.896530 
-119.006775 
4.269600 
-148.624329 
233.832855 
-432.859863 
0.029156 
5.091595 
-265.695587 
182.741394 
6.738937 
-176.225571 
34.598545 
181.873138 
-75.394737 
-79.826759 
334.251129 
145.141479 
-133.473358 
100.170517 
156.187637 
23.870699 
4.504293 
169.043137 
-11.873386 
62.172852 
-70.278397 
-582.243164 
-1.527987 
22.633163 
75.886589 
102.183800 
-168.188995 
294.274811 
234.051590 
472.390320 
56.849022 
-57.179352 
-6.716279 
14.549109 
104.910461 
417.453125 
104.388283 
-79.463303 
-29.286484 
-322.736969 
-57.345978 
-27.750851 
254.128098 
-221.947083 
190.753769 
-14.676018 
-373.844696 
281.958740 
45.071873 
-351.528442 
-13.428951 
-115.627731 
89.464172 
-367.540497 
17.864182 
15.340702 
9.532379 
-7.533395 
-14.052001 
-501.945404 
189.763504 
218.809189 
144.960220 
-515.737244 
48.130497 
-98.266861 
143.167603 
46.884624 
188.888428 
-90.496811 
-578.264099 
-354.868256 
417.631714 
313.544769 
51.912239 
300.787628 
-26.579782 
-53.527855 
27.766695 
-397.825134 
-244.710083 
112.530952 
-0.594550 
433.418762 
-3.775717 
-267.706879 
-255.055908 
-258.696930 
112.526192 
-168.647690 
-440.981140 
-354.499878 
284.392303 
290.160217 
18.475643 
-261.246948 
13.489335 
143.270905 
-166.082184 
28.598536 
-87.399620 
149.423782 
-69.356178 
103.417641 
-151.193573 
-153.861206 
-28.853783 
28.991041 
-239.442505 
43.351810 
-225.437561 
-121.151718 
-247.178436 
438.395020 
13.560452 
-89.817841 
194.422577 
-0.216832 
-413.735809 
0.785930 
-131.829453 
152.712204 
296.655670 
-288.607391 
-24.741777 
58.442532 
92.198677 
182.176743 
401.776581 
355.118042 
-561.309265 
-169.170364 
136.622131 
22.596020 
196.651627 
-201.012466 
128.485626 
60.529701 
43.956135 
-16.511951 
-412.033630 
-211.953720 
10.628586 
-86.644310 
-209.619080 
382.695160 
83.679298 
105.161133 
3.611910 
183.968216 
-94.050331 
90.169571 
-345.859741 
-0.324110 
-74.257607 
-23.346289 
281.517120 
-68.661842 
-325.318542 
-3.444614 
-79.461700 
-0.164786 
-218.477234 
-115.121689 
167.418930 
77.226273 
-169.666397 
-28.594103 
107.240509 
435.637329 
32.226974 
22.099369 
-285.314606 
-0.573927 
175.450928 
116.048080 
-35.815468 
66.037369 
153.427841 
57.375790 
-99.848289 
328.988678 
-114.227753 
93.087959 
-117.961685 
-433.387024 
-223.876526 
244.686600 
148.046860 
313.577606 
-32.713364 
110.978081 
87.205154 
149.367599 
130.384125 
-401.832489 
178.967819 
-30.492733 
-117.713051 
-105.837944 
-119.293098 
-127.247971 
-249.980377 
145.220718 
-59.650082 
-375.638794 
262.459595 
-196.716934 
116.701210 
-149.907684 
18.172663 
-88.338531 
-52.910454 
69.943123 
-8.993240 
-115.322701 
-140.035538 
-398.649078 
-225.134506 
45.265285 
240.185669 
26.528891 
-77.760094 
-373.753693 
202.779541 
-250.197708 
-9.992034 
-2.323360 
-111.642105 
-37.000263 
36.835758 
-152.528946 
-84.879646 
-332.242371 
-256.415863 
3.641128 
190.518509 
-52.771645 
-10.326380 
44.513851 
-369.735748 
-40.672993 
38.243687 
-516.742798 
270.451172 
-2.397388 
156.317291 
1.164077 
-37.513313 
-69.191452 
-461.524200 
3.073503 
255.761383 
-344.407806 
83.507118 
-78.058723 
-6.104308 
219.160828 
15.470527 
85.662712 
332.301941 
-210.735809 
26.621738 
509.630737 
30.812178 
-0.965524 
-311.289368 
-215.653152 
-7.697046 
-283.278137 
-63.765308 
-12.814218 
275.957367 
-274.310760 
-126.711266 
-265.773193 
-254.843521 
128.491882 
233.415787 
255.598724 
-142.364990 
-248.342728 
161.955856 
-28.640564 
-117.319725 
-236.153641 
95.909012 
143.431061 
231.095154 
268.448364 
-113.637344 
16.808386 
-381.399475 
-218.441971 
5.111355 
-61.731445 
150.222198 
14.607963 
460.493134 
-98.050636 
-119.885918 
-250.428802 
-166.840775 
98.795868 
-301.625854 
-79.530716 
55.076839 
23.127914 
-238.058990 
-506.376556 
265.791199 
-43.606323 
208.545227 
1.280211 
128.767792 
36.866131 
-301.655579 
297.126709 
290.415436 
22.996740 
-94.329086 
-49.566986 
17.837685 
480.331635 
53.606327 
-0.755747 
-5.041539 
-399.418396 
45.393383 
-222.316422 
92.006989 
-133.120499 
41.371304 
-191.433807 
-37.946972 
-178.711151 
284.646271 
98.205200 
227.322433 
-28.286421 
88.424667 
-362.788055 
-68.851585 
-274.979034 
-195.241547 
-270.051666 
140.647598 
-29.394077 
149.254028 
-252.689423 
92.611687 
170.329254 
54.086166 
86.424965 
-19.976004 
0.997051 
25.341612 
3.395181 
588.599426 
185.819977 
97.525299 
233.948654 
120.180809 
-311.445251 
-12.282812 
-125.649590 
108.828781 
116.963959 
22.105486 
-195.255295 
51.244682 
-175.672852 
375.747894 
114.589523 
142.529510 
285.820862 
-111.505081 
353.522369 
-69.007332 
308.037079 
41.458408 
294.940216 
-268.727356 
23.394201 
74.454468 
-303.452667 
-150.021683 
-15.154488 
302.412262 
-96.595741 
-14.793275 
-418.847107 
127.167320 
278.520660 
183.976227 
-24.457844 
-97.335686 
39.849167 
155.399658 
62.932655 
-176.191666 
-104.803658 
53.540012 
182.506012 
-196.101593 
-210.371506 
-282.051575 
-359.187744 
18.035814 
-3.730217 
168.144379 
-452.878418 
-70.496498 
0.835517 
-131.280151 
-30.857513 
-31.863800 
-14.608064 
1.569412 
301.255249 
-390.964417 
21.172874 
124.816299 
42.500084 
5.825549 
-418.937714 
125.251587 
379.839844 
-51.094746 
-321.301117 
-113.725273 
262.275940 
225.794403 
-334.231384 
247.258072 
97.690575 
-396.644836 
-254.872513 
-469.821777 
-76.414772 
-205.282822 
-149.783081 
-306.712860 
237.093246 
2.107228 
155.613419 
49.227001 
-20.014944 
13.595144 
-289.563568 
0.081874 
17.220291 
-61.828148 
144.730301 
-267.068176 
39.747055 
61.632401 
-60.959492 
-468.356140 
-35.329868 
113.372345 
468.347992 
-332.632935 
147.211975 
-105.518143 
516.348206 
372.287628 
10.818579 
263.013062 
-25.236706 
316.152832 
-159.614655 
1.150150 
179.029861 
-218.731964 
-9.319992 
210.718475 
19.320419 
-16.318563 
113.819244 
259.327423 
168.829681 
-268.824799 
59.748917 
558.486877 
283.522369 
51.119705 
-26.888205 
-522.874756 
-247.035522 
-91.670189 
-258.716705 
22.640011 
107.546486 
-56.361916 
-124.616005 
-366.819458 
195.568359 
242.681030 
-60.540047 
93.928619 
28.167566 
-81.146225 
-43.244339 
374.797180 
-37.898914 
386.271088 
6.576919 
-50.470306 
585.600647 
-160.211502 
436.434509 
74.892410 
7.207535 
616.370300 
-138.574463 
145.067108 
-510.885040 
158.006683 
31.156830 
-2.253557 
15.327307 
-85.126617 
-50.531178 
-18.914762 
75.497513 
-72.755013 
24.667856 
-405.317810 
194.196564 
-272.622192 
-35.082188 
10.229891 
6.953269 
-249.006378 
32.101128 
-20.660122 
-555.278259 
260.255432 
-144.606430 
-19.991476 
-85.400948 
167.440659 
-102.055840 
346.283844 
-132.262192 
-100.172768 
-361.175140 
-170.104355 
30.230278 
23.337309 
-3.062058 
18.208065 
415.147430 
-330.137329 
11.332467 
-58.379608 
364.544495 
247.759903 
340.393799 
46.574100 
269.592285 
21.246347 
-127.705856 
217.035477 
68.631676 
35.937599 
-28.050663 
91.799049 
-6.481077 
96.394051 
-8.752624 
-101.806870 
465.208557 
-88.816307 
348.613953 
-74.397240 
-52.681515 
9.203380 
-273.822510 
20.542618 
45.340313 
-7.939584 
-110.087021 
-229.989227 
