00000000000000000000000000000000
00111110011001111001100011001100
00111111101100001101100000011010
00111111110101001110100110000000
01000000011011101110011111110110
11000001001000110101011100010101
11000000010001110100010101001101
00111111100000111010000101010101
00111111110000111101111111110100
11000000101000001110110011011010
11000001010001010100001001111010
11000000100010011000001010011011
10111111000110100101010110001110
01000000111010101011011001000101
11000000111001111110010111000011
01000001000111110110101000110000
11000000111000000111010100001000
01000000001011011010000001111111
01000000010110010101000011001110
01000001100011111001110110011111
11000000001101100001001110100101
01000001001000011111101110110111
11000001011101100001011001110010
11000000100110101111111000011100
01000001010111110110100101010101
01000001000101100111100111010000
11000000101100111000011000000011
11000000111100011001111011000101
01000001001101110100101010101110
11000001010001001000111101000011
11000000110101101100001010100010
11000001100000001100000110100000
01000001000001011111000000110110
11000001011111001111010000110010
01000001111110001111111000110110
01000001011001100100001111011110
01000000110001010011010101111010
11000001101101000100111111011100
01000000101110000110000010110011
11000000100100001100110111111000
11000000010000011010000100110000
11000000101111111010101011011110
01000001010111010111000100010000
11000010010000100110010100100100
11000010010000000100101011101111
11000001010100011000011011001001
01000001000010111010001110110011
01000010010000110101010010110100
01000000010101100111100011011101
11000010000010011000001000000010
11000000100000111001001000011001
11000000100010010011011100110100
11000010010000101100100111010011
01000001011101110100010111111101
11000000001000111000111111001000
01000010011110011100110101000001
01000010001001110011111001001110
01000010101110101110111110111111
11000010111011101111111011010001
11000010010100101110110101011101
11000001110100000101001111001000
01000010010000100011111011100011
01000010000010011111101001010110
01000010100010001111000100101100
11000001110101000110010010100111
11000010100101100101001100101001
11000001010011100101110000110000
11000000001110100010000101011100
01000001110000011111010000011100
11000001010011111101001110011000
01000010110111101111000001011011
01000010110001000001010110011101
01000000100100110100010001101111
01000001001110110111000101111000
01000001101001010011110000011011
01000001111111011011010111001100
01000010100100111011111101010011
11000001010101110101111010111101
01000010011010101100100101011100
10111111110010100011010100010111
11000010010001010000101100111000
01000001010101101010011000111000
11000010001100111111110011101011
11000001010010111001001101110001
11000001110010010101010100110110
11000001010000011000000110001011
11000001011101000111010010001000
00111111101111011011000111111010
11000001011011101010100001101100
01000010000000001100000010100001
11000010000111100100010100111011
11000010100100010100111101110101
01000000110001000011101011011000
11000010100110000111101011001010
11000001010100101010100101111100
11000010100101110110100101001110
11000010100110101100100110010111
01000010001100001000110000010111
11000010010000110000000101011001
01000000011000010001010000001010
01000010101011001111010011110100
11000001011111100010101001011110
11000010011101110010101101110101
01000000101111011101000010000000
01000010000010111001010100000101
11000010010010101100110110000010
01000010111011001011101101100100
11000010001001110000000010010111
01000001100111000110000100111000
11000010010011110101101000001010
11000001111001000011101101110101
01000010101111111110101011001110
01000010011101001101100101000110
01000001001011110010011000101100
11000001101011110000001111100111
11000001011011011000100001001111
01000001110111001001000010010100
01000001100100110011101011100010
01000010111111111111110001101100
11000010110010011110110001000000
11000001010101101101010011001101
00111111100111111100001001100000
01000011000001100101000111011000
01000001110101110110001011110100
11000010110100110011011001000010
01000001110110011000011010111110
11000010010110101111101011010011
01000010101011110101101001100110
01000010001011111001010010000110
11000010110110000110010110011011
01000010001110011010100110000110
01000010011111000101010100100000
11000000001001110011110101010000
01000010000000010100111111110100
01000001110111001100001000001101
01000010111011011000100111011101
01000010011001100000101011100000
01000001100111100110101111000100
01000011001101111101100001010011
11000011011011001011011001110111
01000010100111110011001011110011
01000010001100010110000111111010
01000010100000001100110001001011
01000010010110001011000001000010
11000010111001100011010001101010
11000011001100011010111110010100
01000011000010011010111010001101
11000010010000101111110111011001
11000010010011001110001010011011
11000010010100010011010011101101
11000001110010100010001010000101
01000010100010001111101100010011
11000010010101101010111110100010
11000010001110100001001000111110
01000010001110110001001001101011
11000001111011100001111101000000
11000001111010101100101110011010
11000000000001010010111101011000
01000010001000111011110101011001
01000010011100110110010011010100
01000011001000011001101001001100
01000010100100001100100101101101
11000001110110111111010011011001
01000011001010101100011111111101
01000010110110011010010001011110
11000000111110100101001000001001
11000010010110011001001010101011
01000010101011000101111000101001
01000010011101110110001110100111
11000011010011000010110110010010
01000000010001101111110001000000
11000010111101001101111011101000
01000010111011111011010000011111
01000010001110011101011001111100
01000011101010011101011011010110
01000010100100110100010010011001
11000010111111011000001110010101
01000010110010110001010010110111
01000011011011011110011001110010
11000010100111101000000101101000
11000001111110000111011001001100
01000010100100101010111100110001
11000001110111100110111010000111
11000011100110111011011010001000
01000001101011000001010100000000
01000011000101100110011001011010
11000010101101101000011111111010
01000011010011000001110001010110
11000010011011100001010111111001
11000010110000101011100100101101
01000010001110000111011100001110
01000010010101111001100101110001
01000001001110001000011001111101
10111111010010010111000001110000
11000010000010110111101100101111
01000011100001000101011101110110
01000011100000011011111000011000
01000010011000110001100001010001
01000011010100010011001010000001
00111111101001001100111010111101
11000010011011101011001101110101
11000010000111110010001011110010
11000011010001011001111110011110
11000010110010111100010011010111
01000011011101000001010100101101
01000011001010010010001011110100
01000001001010110100110010001000
11000000001000001000101101000000
01000011000000111101000001001000
11000010001111011101111001110001
01000011100010011110110110110001
01000010000110000100010110100111
11000011000110110001110000011110
11000011011110011100111111001000
11000011010111001111010110100000
11000011010110001010111000000000
11000001110110011001001001000110
11000001101010101100000100000010
11000000111001110110010011010000
01000010101010001011110001101111
11000010110101010111101000001000
11000011111010100111010001010110
01000011001110000110111111010101
01000001110001100101001000010110
11000010110110001100100101111100
01000011000100110011101101000011
01000011000101111110100111110010
11000010100001011101101110010011
11000011000100111111010000011110
11000010101001100001001101110101
11000010101100101111001100000001
11000010101100000001001010010001
11000011011011011000101011101110
01000010010010011010001000100010
01000010100011100001001110101010
11000010110101000110100001010011
11000001111001011110100110010101
11000010011000100101101100010001
11000011010000111011110101101101
11000010000110010101011001000101
11000011001010111100111100000011
11000010010010111101001111110110
01000011001001101000111111101000
11000011000101010101001010100101
01000001001001110010001001111100
01000010010001001000011101001001
11000011101110000000100011011100
01000011100001100100100111011011
11000010110101001010110000110000
11000010110011010111011110001011
01000011001110101001110100000111
01000011110011100000111111001111
11000010110001010000000101111100
11000011100000010110111011011010
11000001111001010011011101001100
01000011001010010110101000010010
11000010100011011111101100001000
11000010111001001011111100111101
11000010110010100001100111101000
01000011001001010000111100111101
01000010010100011011110010101011
01000011001101100110111011100011
01000001100110000111001101100100
01000010101010010011100010101110
11000011010000011011111001110000
01000010000000010100110010110000
11000000110101000101010110000000
11000010011111100101000111100100
01000011100111000000110111110110
11000010011111000110111001101100
01000010110100101111000110011010
01000010110010001111100110001100
11000011010000100100011001011011
01000100000000100010011101001010
01000011000110101101000000100001
01000010100001100111100100100011
01000011011011001110100011100110
11000001100001110111111101000101
11000010111001100111100111011111
01000001110110010000011001101000
11000010111100110100110001011110
01000011101001000100101000110000
01000011001001111001111011010000
11000010100111100011110100111010
01000000000000011001010011000100
11000011101011000111101000011000
01000011011011000001010110101001
11000010111001011011100011000010
11000001110001111100011001100100
01000010100101001001001001001011
01000010101101011111111001001010
11000011010010110011001011000110
01000011011101100000010110011000
01000011010100011000000110110100
11000010101111011010010110100010
01000010110000000101110000010101
01000010101001100011101110111101
01000001101000010100011100100001
11000001110010011010101100001110
01000010001100101001110100101010
11000010111100000110101000101011
11000001101100111010011000101000
11000010110101101011011110111110
11000011010000011101111000001110
11000010111010001110010100100110
01000011011110111010010000001011
11000010010101100111101110011101
01000011000110101001111001011000
01000010001101011001100110111111
11000011101101010001011101000111
11000010010001011101011111010000
01000001101100011010111000010011
11000001111111011111000000010000
11000010000101010111110000111000
11000011010000100111010010101101
11000010011100100100110001000001
11000010010001110100101100111100
11000010101110001000101011101010
11000010110011000101111010001010
11000011010001100100001011111000
11000001101111011101000001011000
11000011011000111001010001101111
01000010110010001101000100110110
01000011110011100100100110101001
01000010000011101011001000110011
11000010010001010111100011111011
11000011010010001010010110011110
11000010110100001110010010000000
01000010011101010010011011111010
01000011010010110001110111010010
01000010110110100101010010100010
11000011001101010101010010000100
11000011010011110101101101000110
11000010011100000111100011101110
01000010101101101010101111000000
11000010110000101111010011110011
01000010001111010011011001010000
11000010101110010100010100100110
11000001110101010010011000010011
11000011000010101011100000100001
01000001111101010101110000101111
01000100000011100101010111110101
11000011100101010000011000100000
11000010010010110001011101000011
11000010100000110011101011001111
11000010110101001011111101011000
11000010110110111011011111000101
11000010010011100000010100010011
11000010010111100101101011110000
01000010110010001011001000001111
11000011100001001111010010000001
01000011010111111111011111001010
11000010101101000000110001000010
01000000110011001100000100000011
01000011110000010000001101000000
11000011011101001000101001001011
01000010111000101010010010001000
01000010011111011111001000011010
01000011000001101001010001011100
01000010100000001101101010100101
11000010001001100001011010000100
11000010100101001111000111111111
01000011100000011110101011011110
11000011101101010011111110000010
11000011110000010110001111111101
01000011010011101100001111010000
11000010011011111011001010111101
01000011010000010000100011011000
01000011001011010100111110000110
11000011101001111111101010101110
11000011000110110111000101110010
01000011011110010100001001100011
01000011010110000100000101011011
01000011001010001110000011011100
11000011110010101110000011000010
01000011000110000011101000011000
01000011100010110000111011010001
01000010000111110110001101011000
11000010101010110100010001001100
11000011101011110011010011000001
01000011100101010100101010100010
11000010011001100111000110110110
01000011010011110010101101010110
11000010110001011001100111101011
01000010110000000110000010101011
01000011001000101001000011001001
11000000111100110001011010011001
01000011101100100001100000001011
11000011100010100010100000011100
11000010110001111110010010101011
11000011010010011001101110101110
01000011110011010010110100111011
01000011010000001100010110111010
11000010010101100101000101100001
11000010110001100101001100110010
11000010001101101001001011001111
11000010011110000100100100011011
01000010110100110001000011110001
11000011010101010001101010000110
11000100000101101010010111000011
01000010100001111010111110100110
01000010101110101101011101010110
01000010101010010110001000101101
11000011010001011001101001011001
11000011010001001010110001101100
11000010010110110101110101000010
11000011110101101010001111100110
11000011100001000111100001001001
01000011001111011011111001001000
11000011101000011001100101000110
01000011000100011000101101001011
01000011110110111100101100110110
11000011100000010101000001010010
11000010011110011111110110101001
11000011010000111100000010111010
11000010011101011010000111110010
01000011101110110100101011000010
01000010110110111100000110110011
01000010001001001111010111010100
11000011010101011110111000011101
11000011010100001101100010100000
01000010011111100001110100011100
11000011010100011001001010100110
01000001011010011110100010111000
01000011001100001101100010110100
11000001100111101101111001000000
01000000110100100100101110010100
01000011100100010010010011001100
01000011100100101111010110010000
01000010111101000101010011010010
01000011010101001110001000101100
11000010100100110001000110111001
01000010110011010110010001011000
01000011010000011100000101100010
11000010110001111101111001010111
01000010100011100101001000110010
11000010110011000000110011011110
11000010011010011100110111000100
11000010011111111000010000101110
11000010110100001111101010010011
01000011110010110100000011000000
11000011101010001110101110111010
11000010110010000001111111110111
01000010000011111000101101101101
00111111011110110101010000001000
11000010010111110111001110010100
11000010110011111011010111001011
11000011111110100101101001000100
11000011001101110000100101101100
01000011110100010111001010000111
11000011011011111100100111000100
01000010110000110100001101101110
01000011100110110111001110111001
11000100010000010100011111110110
11000010001010111011110011111001
11000100001011001011111001110101
01000011111000111100101100100110
01000011011011011001110110011100
01000011100011111011101001011110
11000011001000101100110111000010
01000001111111001001000000101111
11000010011011000111110010111100
11000010101000010101100100010100
11000011000000000010110101010111
01000010100100001001000000110110
11000011100010111110011011000000
11000011111011101001011101010110
01000010000011000100110001101001
11000001111001010011001000011110
01000001001100111011000011110000
11000100000111011000000111011100
01000011000100100000001100010100
11000001100101000000101011111000
11000011011100111010101011011110
11000011110100000100111010101110
01000010010001001101110010111110
11000011000101100010000000110110
01000011000101001110110000011011
11000011010010010100111100000100
11000010000110011011110111100000
01000011000001000101101101011000
11000010101000100101110001101100
01000000111001100111111111100000
11000010100101111100111010000010
01000011111011010100101100111110
11000011010101101011001011111111
01000100011000011010110000110000
11000100001101001111100011011111
11000011100001100101100011011100
11000010110111011001010010001101
11000011010011010100010100011010
11000010101010000100100011110101
11000011000101011100110101001010
01000011101100000110100011101001
01000010100001011001000000111111
01000010111110101001000001100011
11000011011100101001101101010010
11000011111111101100001101110100
01000011101100111100001111011101
11000011010100101111010100011001
01000011011100111001001111111111
01000100010011011001111100010010
01000100000010000011100000100010
11000011010111011110100000111011
01000001111101011101111110000000
01000011001100011110101011101001
11000011110110111100011010010010
11000001101000100001000101011000
01000011101110110000101100100000
11000010101111001110000001001101
11000010010011101101101000110110
11000011101010100011110101010110
