10111111101101000111001110111110 
10111111111110110000011110111111 
00111111010001111010101110001101 
01000000000010010001011111001110 
00111111100011000110101111001100 
00111111100001101001001010001101 
11000000000000100110010000001000 
00111111110100101110110001100010 
00111110110001100110100101010101 
01000000000001101010010111100001 
00111111010100101010010000100000 
01000000000101001110001010111110 
01000000000000011001101100000100 
00111111001111110000001001000010 
11000000011010111111110101000000 
01000000011001110010111100001010 
01000000000000001100100001111111 
00111111000011000011100001100000 
00111111101110101000010000111110 
10111111111000111110100000000110 
00111111001110011001011010000100 
01000000010011101011101110010010 
10111111100000100010010111101010 
00111101010110101000001110100000 
01000000000111110001000011010111 
10111111011010010011000000011010 
01000000000101010101000001101010 
00111111101011100101111100000111 
01000000000011001001011010111100 
00111111100111100110010111011110 
00111111001000101000000100010000 
10111111001000011111001111111011 
01000000000001001011000110111110 
10111111001110011010110101010100 
10111101110101101010101000001000 
10111110100000100001011110101110 
10111101110010001101010100010000 
11000000010010010010010100010110 
00111111010101110000101011101100 
10111101101100000101001110110000 
11000000011000111000010010101100 
10111100001011110010101001000000 
00111110010111110001101000001000 
10111111101000010100110100000111 
00111111011101101011011100010010 
10111111111110010000110011111110 
00111111101111000010111111011111 
10111111000100001000100101001000 
00111110010101010001110001011100 
01000000000110100001100011101000 
00111110100011110111000111000100 
10111110001001000001110000011000 
01000000000110101011101010010011 
10111111110111010101000110000111 
10111111010000110001011010110111 
11000000001001100001110000111011 
00111110111111001100010101010100 
10111111110101011110101011001111 
11000000000111101010010010001010 
10111111111001001010001001110010 
11000000000000000001100101100010 
10111111010111000111000010000111 
10111111111101010001101101001011 
00111110111100111100000100101001 
01000000001001001110100011111000 
01000000010010010101110101111000 
00111111000101101001101110011011 
10111111101010100110000111000000 
00111110111010100010000111000100 
01000000000100000001111010000010 
00111111111000001110110110001000 
10111101111011111011100000000000 
00111111101101010100100000100101 
10111111111011001011100101111010 
01000000001001111101100010011011 
11000000000011101111100010010010 
01000000001100101010011001011100 
01000000001000101101010111000010 
10111111010010100000100111111110 
00111100110001100010001100100000 
00111111110010010001100101011011 
01000000000110100011111100101110 
00111110101001010010001100011111 
11000000000101111010001001000000 
11000000000011100011110010111110 
10111111111111001111100110110111 
11000000000110011110110011010011 
10111101100111101111001101011111 
00111111001111011101000100001000 
01000000001111001110100011100011 
11000000000100111010010011000111 
00111111011000000101000100011000 
00111111011001101000111001001001 
00111111001110010101000101101010 
11000000001100001110111011101010 
10111111001001000110000100000111 
00111111111101100001010000010011 
10111111110000000001101100110100 
01000000000000111010110010100100 
10111111100101011010101101010101 
00111111100010001001011011100011 
01000000000100000000111010110000 
11000000000111011011111100100111 
00111111100110100111100000101010 
10111111001000111011100101100100 
10111111111001001100010001010001 
00111111100010000010111010111011 
10111111100110101101011100111101 
01000000001011100010011000001101 
00111101100010110011010000011000 
10111110001101001010101110101000 
01000000001011000010101001001011 
10111111001001111001010011101000 
10111110101101000010010100110000 
10111110011100001111000010010000 
00111111000001100000000001000100 
10111111111001110010010001100111 
00111110110101001110101011101011 
10111101111110000000011100110000 
01000000000101011010000000100010 
10111111010001110110110101010100 
10111111100001011010100110110001 
11000000001000100001001100101101 
10111111001100011100110111001110 
01000000010111000110101000001010 
01000000000010101110001110101001 
01000000000111100011110010010001 
10111111111000100110011000100101 
00111110001011010101011000001010 
01000000010000111111010000111111 
10111111011110001010000001110001 
01000000000000011010010110100001 
10111101011100110010110000100000 
10111111000101000000100010010000 
10111111101111110101001000111111 
01000000000010010101001010101011 
01000000011011110011100101111001 
11000000000101000001010111110010 
10111111010011010001100001111010 
11000000010010010101100101101011 
00111110110001101011011110000100 
10111111011101101111101111011001 
00111111011100101000111101101110 
00111111011010001010011011110100 
11000000000001001101111011001010 
10111111111011111101110010110010 
10111111100011100100000010000110 
00111111101100101101110100000100 
01000000001001010010011010001000 
00111101111110101111011000100000 
00111111100101111101101010111010 
10111110111111001100111111001000 
10111111110011101100011001110100 
10111111111111111101101110101011 
00111110000010101111111110100111 
10111111100001010001110110010111 
10111101010101100101101111010000 
11000000001011001101011001011011 
00111110101010000111100011010000 
00111101101001000110111110100000 
00111111100111100010101011011001 
01000000001000111011011101000110 
01000000001011100111001000011100 
10111111100011010100111001100001 
11000000001110110101011000100101 
00111110101100110000111101100100 
11000000000101101001010101101100 
11000000001011000011101010001111 
10111111110110011100100001111001 
00111111111011100011110001010010 
10111111010010001000111110110010 
10111111011110010001001001011000 
00111110000100011010000111000000 
00111101000011000100011100000000 
00111110110100100001011101111010 
11000000000100101110011010010111 
00111110001111001101000100001110 
11000000001101110010010111101010 
11000000010001000111011110010100 
10111110001010111110011101101110 
01000000010111111101111010100010 
00111111000001111100010111010110 
00111111001011100101011011011111 
10111110000011011101111001111000 
00111111100100110100010110011110 
10111111100000011001100110110001 
00111110101111001101111110011001 
10111111010001100000111010110100 
01000000000010001011101100001101 
11000000001001001010001010010001 
11000000001110000001011010101000 
10111111000101010101100000000011 
10111111000001010010010110101001 
01000000000100111000000110010100 
00111111110101110001000010011100 
10111111101100101100011110100001 
11000000000011100111010100110100 
10111011010001011100001000000000 
00111111100110111010000111010011 
01000000000110100110001000001111 
11000000001010110000000011000011 
01000000000111100111000010100010 
11000000000110111101011100100100 
00111111000111001000011011100000 
00111110100101010000111001010000 
10111111101011101010100000011111 
01000000000010011001101010100011 
00111110010011111110001011001000 
10111110101111010101010101010000 
01000000011010000011110000110101 
00111111110110101101110001011101 
00111111110011010110110110010111 
01000000000110110110011000111100 
01000000001001101101110001101010 
10111111000111000011110010110101 
11000000000001011101111000001100 
00111110100011000000101111010100 
10111111110100101010011101011100 
00111111110110000100101011100100 
00111110011100100000111101000100 
01000000001101001000010000101100 
11000000000010100110110000111010 
10111111010101000111110101101010 
10111111101001000111010101101100 
00111111000100010110001000101011 
10111110001110010001100100000000 
10111111101100001110000011010101 
10111100000010110011111100000000 
00111111100111101010101010010111 
00111101100110100110111110000000 
10111110001101101001010110101100 
10111111011001000101010000111001 
11000000011110011100101000111100 
00111111110001110111000100100110 
11000000001100100101011101101010 
00111110010000010110110111111100 
10111111010010001001101110101001 
10111110101010101110001000100100 
00111101101011110110010111010000 
01000000001101101100011011111010 
10111110011101100010111001000000 
10111111111110011011010110101011 
11000000010100011011001000110110 
11000000001000011000011111011010 
10111110011101100100110000100100 
10111111010011000000010110110010 
11000000001011011010100111011111 
10111111101100001101000001110010 
01000000001101011000011010011100 
10111111010000001001001011100001 
00111111100000110111101101010001 
10111110110010010100000011001010 
00111111011110000110000110000011 
01000000000101000110101011110101 
00111110001100111011100010001000 
10111111100111100101101010000110 
10111110111000001111110011101001 
11000000001000100111100111101100 
11000000000101111011010000100001 
00111111100100111011000011110101 
10111110000001111011001111110100 
10111110000110010111010110001000 
11000000000100011110001000000010 
10111111111011101101100110111011 
10111111101001110101010010011111 
00111110010001110011000110111000 
00111011101101100101000110000000 
01000000000000110010100100001110 
10111111100010010101000111010101 
10111111110001101010101001000001 
11000000010100010000001100000100 
00111100100111110000101010000000 
10111110100100111111111010000000 
00111110001011110000001010011010 
00111111001000101111001010001011 
00111111000010010000010011011011 
10111110000111000000010101011000 
10111110111001001100111000111010 
10111111011001001010111010101011 
11000000000001010010111010111000 
11000000010100111100111011101011 
11000000000101000101111011010010 
10111101111101111000011100010000 
10111110101010001001100111101000 
10111110110101110000111010000011 
00111111001100011010010101010110 
11000000010000111010001000010111 
10111111100001100000101001010001 
00111111110010101100000011100010 
00111111010000000100010111000001 
10111111110011110111101011100110 
01000000010011001010110010001011 
10111110111000011111111011111100 
00111110111111110000000011000110 
10111111110111100110111000110110 
01000000010000011100010000000101 
10111111001010011000001111011101 
11000000001111011111101111110111 
11000000001110111010111100100011 
00111111110000110111100101111001 
00111111100100101111100011100011 
00111010110101011100001011000000 
00111111101111111011010001001110 
00111111111110011100110101011110 
00111111010001101101111110010000 
10111111011001000001001001011100 
00111110010110101000010100010000 
00111111111010010110101001000110 
01000000001110111110011000011011 
00111110110111110000111100101000 
10111111001010100011101011111011 
10111110100100001100101011010110 
00111111001001010011111010011000 
00111110010011100101010111000010 
11000000000111011110001000100010 
00111111110110001001111110000001 
00111111100111101010010111000111 
00111111000101000000110100000000 
10111110101111100101101111110010 
10111111100000011010110100001011 
10111111100001111110110110111001 
10111101110010110111101000110000 
10111110000010001000011110001000 
00111111011011000001101110000100 
00111111011011010110110001001001 
11000000010110100001110101010101 
11000000011110011011000010000111 
00111110010000000000000001010000 
00111111100100010100111111101110 
00111111100100110100001001010010 
10111111100101001001001010000001 
00111111110000111101011001000100 
00111111101100001100001101011110 
10111101111111101111011100010000 
00111111100101001011001100110100 
01000000001110111001110101011010 
01000000000011000011100011001111 
00111111011101010111000101101111 
00111110010000010100100010001000 
11000000000110101001000101001100 
00111111000010110111100111111010 
00111111101000001000101000001001 
00111111100000001101110110110110 
10111111100100101100111011000111 
10111110000101101000001010001000 
10111101111011010001110011110000 
00111110111110100101100111011101 
00111110111000110011110100011000 
11000000010111001101110101010000 
10111111110000010110010000001000 
00111111111101010111010000110010 
10111111011001010110001011011110 
00111110100011101000001111100000 
00111110110110111010001011000001 
10111111111011110110110010110100 
10111111111000011110111111101010 
11000000000011011011111111110100 
10111111110011001010000110110011 
00111111000110011001000100000100 
00111111000111011100110101101010 
01000000011011011000010111010101 
10111111100000000101001011111011 
10111111101010001101000000110100 
00111111010001110110110011011111 
11000000010010001100000011010010 
00111111001101000110011001110010 
00111110101111010001110111111110 
00111110110100100100010101010100 
10111111101010001011001111110010 
00111111111010111001000010000111 
10111111101111101100100101011100 
00111111110001011111101010000110 
10111111100101010001100100000100 
00111111011000011101000011111100 
11000000011000000011111010000011 
10111111000010111011111110011011 
11000000001010010101010100001111 
11000000001000100101000000101111 
00111110010001011110111101111111 
01000000000111111110010011010101 
10111111011001000001001110111001 
10111111111001111101100111001110 
00111111001000111100100100110011 
11000000001001000000111000110100 
10111111100011111011111010100110 
10111111101011111110011011011010 
01000000000100110100001001100111 
11000000000001010101111010001001 
00111111110001111001101011101111 
11000000000111101111110111001100 
10111110101111110011110011101111 
01000000000010111001101101111010 
01000000000000010011101011100010 
00111111110010100010010101110100 
11000000001000101001100001001001 
11000000011001100111001010110111 
01000000000010111011110111011001 
00111111010011001111111010010101 
11000000011001101101110011001001 
00111110101110000001111100010100 
00111111010101100100001101100101 
10111111100100011010010001000001 
10111101100100110000001111010000 
10111110100010000101111010111000 
10111111110111011001011110001000 
00111111100011011000011100011111 
00111111101001100000110111111100 
10111110001111010001100011011000 
10111011110011101101111000000000 
10111111110001000010001100101101 
11000000001011001000000100101000 
10111111110001111111100010011010 
10111111001000111011111000001110 
10111111101011001010000001111100 
00111111111101010011111000111101 
11000000001010100101000100010111 
10111111100010100000011101001111 
00111111110000111100001000110111 
01000000010000000101110101010100 
00111111111111110001111011010011 
10111111110000001001111111111101 
10111111100000000111010111111101 
10111011100101110000100100000000 
10111111101110101110100000110110 
00111111000011101100001111011010 
10111011011100001001101000000000 
01000000001011010100010011110010 
10111111100010011100110000111100 
00111111111011001100111110101111 
00111111010011001000000001000001 
10111101110110101110000111110000 
00111111100011101000010101111111 
00111100100101101101010001010000 
10111111001110101110011100001100 
11000000001001011111000001001101 
10111110100100010111001111010100 
11000000000001101101110010111010 
00111111010101010001001001001010 
01000000010001001111110110110100 
10111111010001000100000100100010 
00111111001001011101000101011101 
10111111111100110100000001110111 
11000000000011010001111110100001 
11000000010011001000110101111101 
10111111101011110110110010111110 
11000000001000110010010010001110 
11000000000100100111101111010001 
01000000001001011010101000101011 
10111111001000011000110110101011 
00111110011101110010101111111110 
00111111100000001001010000011100 
10111110111100101000101001100000 
10111111110011000100001000100111 
00111111001100011010100000001101 
10111110100001011110010101001110 
00111110101010100111111000010000 
11000000010111010110001011010010 
00111111101011011010000001000111 
00111111011110000111111011111001 
10111111000010111000011111111001 
10111111101011010000000111100100 
00111111100001100011100110010010 
10111110001100010101010101010010 
00111111011101011101100010010111 
00111111110111101001011100101000 
10111011010010100101110100000000 
10111111000010011000000010111011 
10111111000101110011110011110100 
01000000000101110011001111010101 
00111111001011000000001011110011 
11000000000001000010010000111100 
10111110010100110111110001001000 
10111111000100110100000111000100 
00111111111000000101100000011100 
01000000000111001111111100000101 
00111111110011110110000000011110 
11000000011011011011011100101011 
00111111101010111100110101001111 
00111111001010100011000010010000 
00111111111110001011010011101011 
00111111111010011000111000011010 
00111111110011101011011010110110 
10111111110100101011011101101100 
10111100111110101011011110101000 
11000000000011111001100110000100 
10111111110000100100110000100001 
10111110010011101111100101001000 
11000000010111001011001100101100 
00111111001100101010111101010011 
00111111001011111010010101111000 
10111100001010010111000011000000 
01000000001101111100001001111110 
10111111010000011011001001111101 
10111111110001010100100100101001 
10111111110001101111001111110100 
11000000001001101001011110110010 
10111110011101110101111111010011 
00111111010010100010111111000001 
01000000001001001010100110011000 
11000000010110010010111100010010 
10111111011000000010110001000100 
00111111110000001010011011101100 
10111110011001101111010111101011 
10111101110000111000011011110000 
00111111001011010111010011010110 
00111111010101001111001110111010 
00111111000110101101000101110100 
00111111010001100110010101000101 
00111111111001111001101000011111 
11000000010011001111111010001100 
11000000000111101001001111111111 
00111111110011101100000101001000 
00111110101110111101000111010001 
11000000000101111000001010111110 
10111110000011001101000001111010 
10111111011010010001011011100000 
10111100010100111000011100000000 
00111111101001000001010011101011 
10111110101000010010001000101000 
10111101100110000111111001100000 
00111111111011001111101000111010 
11000000000110011110110001110111 
10111110010001010111010011010000 
00111111100001011100110101001001 
00111111101010100111011000000010 
00111111101110010011010110011010 
11000000000110101101110011101111 
01000000001000110000100001100000 
00111110011101100100000101111101 
00111101101000011101110000101000 
01000000001011010011100100100111 
10111111100111100001010100111100 
10111111111000111011111001100000 
00111110001100111110011011010000 
00111111100000100111101001110100 
11000000000001101100001000101010 
00111111111110010100010000111101 
00111111001111111001000011111001 
10111110000101100111000011001100 
00111111011101111111101111001000 
00111111100001101001011011101001 
11000000001001101010011011110011 
11000000001110100101000101000101 
00111111100011111010010011001111 
00111110000000110010110100110000 
00111111111010010100111011111010 
00111110011000101000110101100000 
10111110110011110101111110010001 
11000000001110100110000010101010 
01000000000011011110001000101011 
00111111000110111101011001111011 
00111111010100110011111010011101 
00111110111110000011101011110100 
10111111011001101111000010001111 
11000000000101000000101011000011 
10111111001101010110000000000001 
10111111101000100000001100000011 
01000000010101000001010000010110 
00111111001100111010111111111101 
11000000000010101010100111110000 
00111111001011011110110001110100 
11000000010101010011010111011111 
10111111101100011100101101001000 
01000000001010100101011101100110 
00111110000000101011100010111000 
01000000010101101101100111111011 
10111011001001110011111101000000 
10111101111011000100010011010000 
10111111010000110100010110110010 
10111111100110010001000011010100 
00111111101111000000010011000110 
00111111110101110000111010101101 
00111111100011010111001000000111 
10111110100000101010101110110000 
00111111010110001011101100110111 
10111111101011111001100001110111 
10111111110011111110100100000000 
01000000000110001100111100001101 
01000000000101110000001011000101 
00111111011000101101000111011100 
00111111100101011101011010000000 
00111111111111001011000101011111 
11000000000011100100010001000010 
10111111110001011111000010010011 
00111111110100110010000010001011 
10111111001101011101100011100000 
00111111110010101000100101111100 
10111110100011010111110110010010 
00111111110110100101100001111000 
10111111010101001000011111100101 
11000000010111100011100000001111 
00111110100110100001000110000110 
01000000010110000110000011001101 
01000000000000000110010001101001 
00111111010100101100100001010011 
01000000000010111111101100101001 
00111111010000000000010000100111 
00111100100011111001011001010000 
01000000011001100011110011111011 
10111111101110000101010111011100 
00111111011011001011000001111111 
00111111000010111010000001001000 
11000000001001110001000111100100 
00111111100001000000011100111001 
01000000000101011010101000101010 
10111111111101110111000111011101 
00111111010001100101101101101100 
00111111000101111001011101000111 
10111111101101100101011111110011 
10111111001001100101111011000001 
00111110001100111001000011111100 
11000000001000101010110011100110 
10111111100010000000111100011000 
00111111001100001111001000111000 
00111111110100010101111101001111 
11000000000001010011001101000000 
11000000000010101100111100001001 
00111111000010110001110110010000 
00111110110011011000010100101100 
01000000000001011111001101101011 
10111110100100100001111100100000 
10111110110110010111010011100100 
00111110101100010110001100000000 
00111111001111001000001100100001 
11000000001101011011110010000010 
10111111100100110011100010100111 
10111111110011011101010101101000 
00111111000101100011000011111100 
00111111111100100101001101001110 
11000000001101000100011111101001 
10111111111100110100000100010000 
01000000000101101001001011101011 
10111111101001011010100100101100 
11000000000110111001100100111100 
00111110011001110000011110110000 
10111111011011001010000000100100 
00111111011011011110111100001100 
00111110110011010001111011100010 
10111111011010011110000011010101 
10111110011110011001001010101000 
10111101001101010011010011000000 
10111111101100001010011011010001 
11000000001011100100111110010011 
11000000000001111011110001010101 
01000000001011110001010110111011 
00111111011011100011000000010110 
10111111000001100010101001111101 
00111110110110000101011110100000 
00111110101011111110100010101100 
10111111100000001101111111000101 
00111100101100110110010000000000 
10111111101111111100011111001001 
00111110100001110100000100011100 
00111111111010101100011111111111 
10111111011100011100000111001000 
00111110101100111111011111100100 
10111111001010100010001010111110 
10111110100110100010001000000101 
00111110100101010110000100110011 
00111110111110110011001001010101 
10111111110110101110001010100100 
11000000011001101001111111100110 
00111110001001010110101000111000 
01000000010010010111001100010111 
10111111010010000100110111010000 
10111101101001011100101011100000 
00111111000011100110111100111000 
11000000001001001110111010110100 
10111111101101111111110000010001 
00111111110011010101110001011111 
10111111111010101110000001111111 
00111101110011000011000111100000 
10111111110101100101010110110111 
10111111101000111001001101011100 
00111110101000110001110010100110 
10111110000110010011010001000111 
10111101110100010101000111100001 
10111110010111101001101000011000 
00111111101010110010000011000000 
01000000000000111101100100101110 
11000000001001100110010110011010 
10111111011010100100101000000010 
00111111100011110010110101001100 
00111110110000110001001001011100 
00111111100101010011100001000111 
00111111101010111010100101111000 
10111111001100110101010110000100 
01000000010000111111110100110010 
10111111101100000110011111011110 
00111111101110000011000010000100 
00111111010111010000111010000010 
01000000010011111000000010100101 
10111111101111011110010101100101 
00111110100001011100101100111100 
01000000000000011000001000101010 
10111110101101010111101101011110 
01000000000110111011110111010101 
10111101111001010101010110011000 
11000000010001101000001011111100 
00111110010000100110000000000000 
00111111111101111101100110011000 
11000000010011011000110101111010 
00111111001111110010111000110010 
01000000011010001110100100000001 
00111111101001011111111110111111 
01000000001000111010110000011110 
00111111101101100110101001111111 
00111111001111110011111110101001 
10111111000001010001110100110110 
11000000000110011101100111111001 
00111111011111010100010011000001 
10111111001100110101111001011110 
00111111110011110001001101111110 
10111110110111110110101011111000 
10111110001001000111111011000000 
00111111101000011110010000000001 
11000000001110011000000000101101 
11000000010100000001100101011010 
10111110110011000111101101101000 
00111111110100010011111000000100 
00111111000110001100000000000110 
01000000010010101100111111100011 
01000000010011001001010110101000 
00111110100100111010000011011000 
10111110101000010110110111101010 
10111110111110110000001101000000 
10111111011100101001100001010010 
00111111110011111101111010111111 
01000000001100001111110000111100 
10111111011100001110010011100011 
11000000001100000010011000010011 
10111110000001101110001100010010 
10111101101011111101111001011001 
10111110011100010001100010110000 
01000000000011011110101100111101 
10111111100001111110011100010110 
00111111110101001001001011101011 
00111111101001110101001010011001 
11000000011101011100111110100111 
11000000000111000110010111111100 
00111111000011110011101111101010 
01000000010101010001100010000001 
10111111101010001001011001001010 
00111111100011011100010010110010 
11000000011011101100111000001101 
00111101100000000111010010000000 
00111111110000000101000010100100 
10111110000010010000001011010100 
11000000010100011100011110001100 
00111111110010001000010100101110 
11000000000110010101101110101011 
01000000000111100000110001110000 
00111101111001011111101010000000 
00111111011011100000111101100010 
00111111001101111000110010000011 
10111101010111011100101101000000 
00111111110001011010010000100000 
10111111000010111001101111101011 
00111111111000000110010100101110 
10111111100100100001100110011111 
10111111100111001101111111111001 
11000000001001000001010000001000 
00111111011001000101001000010100 
00111111010000110010011010100000 
00111011011101010011100000000000 
00111110111101111110011100001000 
10111111010010010100100000111010 
10111110110110100110010000110100 
10111110010010000001111101010000 
10111111100110000000110101100001 
00111111111000110111101110001100 
00111111100111111111000110100110 
10111111010111111100111000110000 
10111111100111100011100011101010 
00111111000100001111101100001000 
00111111000011110000011111111100 
01000000011110101011101011001011 
00111101010101011111111100100000 
10111111101110000111101010011001 
00111110101100101010001111011000 
00111110100100110110110011011100 
01000000000010000010110101000000 
10111101110001111001011111000000 
10111111001010111111000011010101 
10111111101101010010110111010000 
10111111010010101000111000100101 
10111110111111100110111111010111 
11000000001100001110111011101110 
10111111100101001001011100011100 
10111101010010001110100101010101 
10111110001110010011100011010000 
00111111101101111110111010110001 
11000000000110101101100010000001 
01000000001110010010000111111111 
10111111111111111110011100011110 
10111110111110100010110000001100 
10111111111100111011000101110001 
00111111100110100000000010000000 
10111111101101011000001001000100 
00111111110001110100101000001111 
11000000001011010110011010001101 
10111110111110101000000010101000 
00111110110111100010010011111011 
10111111010100111100011101001001 
11000000000001101100111111111101 
00111111100111101101100010010101 
10111110010011000001101001001000 
00111111110110010001011000011101 
01000000011010110110010011100110 
00111111010001100100100000001110 
00111101110100000010000001100000 
10111110101000000100101111011000 
00111111000110001000101000110110 
00111111101110011001000001010001 
10111111100100011101010111011110 
01000000000001011010010110101100 
10111111010010010001101111100010 
10111101111001000110111010110100 
10111100111101110111111011110000 
00111111001110010011000000000011 
00111111101000010101011000110111 
11000000000001001001010011010111 
00111111001001101010010110001110 
00111111010101100011001100110101 
00111110110001010011101110110000 
01000000000110001001001101101001 
00111111111110100000101111000110 
10111110000100011100111011011110 
10111110111010001011011100011010 
00111101101111010001111010100000 
10111111101000110010111001001111 
00111110101010011001110100000111 
00111111110110000000010101000101 
10111111100001000111100000101100 
10111111011010110001011101001001 
00111110000001100111101101010000 
10111110111100111111010001011100 
00111111001110110011111101010110 
00111110101111110100000101101000 
00111110010100001010101011011110 
10111111100011000100010110111010 
00111111011011111101101111011100 
00111101110111011000001101110000 
00111111100110000011010110111001 
11000000000011001011001010100001 
00111110001001000001000010000000 
00111111001000100110111001001101 
10111110000110010100000100001001 
10111111010011101001101011011111 
00111110111101011100111011010001 
10111110010001010100010101110000 
10111110100101010110000110000000 
01000000000010100111111011111110 
10111110101010101011011001000110 
01000000001001000100110010100101 
00111111001111011101000011111010 
00111111110111000001010100111001 
00111111101011100111100111011111 
00111111100000101110011111101110 
01000000001001000100000011001111 
10111111110101111010010000010000 
00111111101100111101111101101100 
11000000001010010110010111000111 
00111111101111100100111100010100 
11000000001000001000010011100110 
10111111111011110001001000011111 
10111111110011011011010000101111 
10111111100110001100010001010110 
00111110100101000011111101111100 
00111111100010000111010000010000 
00111011110101101100100011000000 
10111111111010001101110010000000 
00111111001110011110010100011110 
00111111001011110101111011011100 
00111011111000011010110000000000 
00111111101011110010011010110000 
10111111011110110000111011111111 
10111111011011111000110011000010 
10111111001000110001100111110010 
10111111010011000011001001011010 
10111111001010001101011001100001 
10111101100011101010001110010000 
10111110111111000101011000001100 
11000000001110110001011100010011 
00111111011111101011111101000111 
10111101110111011000111110110000 
10111111111101100110010110011101 
10111111101101110011010100111000 
00111111011011011111000100100000 
00111101100010111101111100010000 
00111111011111111011011100010101 
00111111100000010011101000111001 
10111101110101110100101101111000 
00111110110011000001000101110100 
00111111001111101000000010100110 
10111110100110001110111011111100 
00111111110000110011001100110100 
10111111010001000111001010000101 
10111111010110110011011011011001 
00111111110110000001011001011100 
00111111110100011101011110101101 
00111101011001110001100101100000 
00111111100110000101111010000011 
01000000010001110100000000111000 
10111111000110010100001000100000 
00111111111001010010000001101011 
10111110111111011100100100101011 
10111111100110010101001111001011 
10111111011111000000111000110001 
00111110111111100000110001100000 
11000000000010011111101101011000 
01000000001011110110101100101010 
11000000000011010101000101100100 
10111110101000100111100101000011 
10111111100011111101101101001100 
01000000000110011001100011000101 
11000000000100110010101100010100 
10111111100000100001011111000111 
01000000000011010001001011000011 
00111110010110100100111010111000 
10111111100101111001010100101001 
10111111110100010111101000010000 
00111111001100010001001000010111 
10111111011011100110010110111001 
00111111110011000000001001101000 
00111111011000001011010100101101 
10111110010011100001010010101000 
10111111101110101000010010100101 
00111111011101011110111101100101 
00111111011110001111011111110111 
00111111101001001000011110001000 
01000000001001101001000100100000 
10111111111010011101110001110010 
01000000001011011101101000011011 
11000000000100111100101011111111 
00111110111111011001110011001011 
00111111110000100100100001101101 
11000000001000111010110010011100 
00111111000110001011001110101111 
10111110011001110000011000010000 
00111111001011010100111001010100 
00111111101110111110010110101011 
00111111101011001010110110010101 
11000000001011111011011101010101 
11000000001100100010111011101011 
10111111111011011000010111110010 
10111110101010011000110100010100 
00111101101110010011110010001000 
10111111111011000111111111011001 
01000000010101000110010011001111 
10111111110100100111011001110111 
11000000000010101001110001110001 
00111111010000101001101010100000 
01000000000010101101110010000010 
10111111101111111110100101011011 
00111101011001010100111110000000 
10111111100001111000001111100010 
01000000001011110101101000001101 
10111110101110000101011100101001 
11000000010001001010111000110111 
11000000001110011011111100011011 
10111111001110001100111010000011 
10111111001000100100000000011001 
10111111001001110110111011010011 
10111110000001100000000010010000 
00111110101101100101010111100000 
10111111100011001000010111110101 
00111111101100111111010101111101 
10111111010110011001010100100100 
00111011000100010000110000000000 
00111111101000101000000110101100 
00111111010000110100110111011111 
10111111010100111010100001011010 
00111111111110011011110110001110 
10111110101110000110000110011101 
10111110100000000010000010000000 
10111111111101111110101110011001 
00111111111000010100000110000001 
10111111010100010110110100010111 
10111111101010101000100100100100 
00111110001010001000100000000000 
00111111001111001011010101001001 
00111111010111000110111101100110 
10111111001111001011111000010010 
10111111001110010010010001001000 
00111111111000001010011010001100 
10111111100010001000010100010110 
10111111111110110001010100001010 
10111101110101111000001110110111 
11000000001001111110111111111100 
01000000000000011111100100110000 
00111110011111110110100110100100 
10111101100010011010000100110000 
00111111100110001010010011001110 
00111111100001010101001100100110 
10111111100111110111001001101010 
00111111101011110100100111111011 
10111111100011101101110000000000 
10111100110100010101001001000000 
00111111000101011001000111110011 
10111111100100011111100110110100 
10111111101110000101110111011001 
01000000001000100010101110000110 
00111110110011000010010100011010 
10111111011111000101111000110100 
00111111010011001001010111011111 
00111111010011111011001001101010 
11000000000010000001000000110110 
00111111111101011101010110101111 
00111111101101011111010000010010 
11000000001111101001010001001011 
01000000000110101101100101001000 
00111110010010010101001110001000 
00111110001011010001011000011000 
10111101101101111111111010001000 
10111111011101110001110010001110 
10111111000110110011001011100011 
11000000010010111001001001001100 
10111111101100100001010110111101 
10111111001000111110100001011101 
00111111111011100000110101000011 
00111111000101110010100111110111 
00111111110100100110101101110110 
00111111100000110010111101000010 
